3742364
5617436
7388340
9062881
25140726
38329084
42918008
46813210
51128902
54130193
55755624
57275848
62122219
63469712
74242814
75226656
76158036
83451208
84574764
90947538
92841031
93818926
94269269
95758415
99115592
100100603
101218823
103590434
108127735
108465016
111227306
111597127
119629458
121984372
126099050
126809493
128744602
134409451
135476828
137431391
139604494
142499262
148759628
160403482
162525386
166538207
169432004
173815573
174827254
176460336
177379876
178028081
182813879
183233967
184003158
186438982
187757384
187923918
191085691
191525666
192865465
197898641
200532700
209235836
213490775
214616937
214895611
219769427
226451954
227897333
230361570
231281826
231434106
234132986
238791538
242581509
246699389
247929206
249747446
257307425
270658269
279554961
290420128
298689659
300301477
309167847
317531299
323253421
330716457
333373409
333612308
345089840
346290276
348965384
350522326
351330345
353168946
353260387
354584597
358881550
359534469
361934253
366553576
368088719
372367492
374985244
383268704
384269129
384330365
387401081
392124289
393500750
396402698
398186795
399275297
400531269
402733193
403910032
404132374
405599713
407266554
407353539
407424702
412728115
412891675
416500815
417736012
419271781
421852765
424468542
434288635
435260282
439466673
440075897
443410855
449479688
454158800
454610626
454953208
460761426
460869305
463323338
464256802
464868601
466296845
466782033
473576474
473861525
476227892
481196986
481814425
484345808
485378523
485730851
486526822
487164871
487773536
487784838
487927405
488536406
490866468
491554137
492939963
493360824
495305821
502128559
502584967
505447178
508520983
509288261
510852605
511191642
511845132
513754189
514776069
517139836
523951732
527812810
530106549
533181880
534467450
535161031
536196856
536991695
537932720
538010668
539281796
541702745
543020960
544378991
545464222
545803335
552603478
554468774
554603274
558605025
560922597
561110196
564968701
566903239
567982391
569631324
569649939
570321817
572034199
574631840
575528369
576582854
577060139
587774658
596947825
597445796
597961856
603982593
604037448
609815033
613725335
614085908
615766319
620236836
625394932
628921883
632945446
633092048
635511718
638387139
639328996
641869332
643845642
645271127
645735925
645932844
646402833
647675640
649102024
650004124
652032803
656625967
661551230
661596670
662259276
662317135
662897303
665665981
666439781
668705536
668966966
672574297
674723633
677785976
678135679
683086592
692710258
693973859
699593560
705273494
705812720
711611288
714060021
719857503
720737226
720989452
722648606
725545712
725857889
732613539
733767571
733788549
734240631
735116951
735772141
748305453
749414903
751948603
752088711
755574820
759443592
760192467
765946396
767464978
768174540
770773889
771441967
773457826
773848480
778322444
784629831
787298322
790039008
790059273
790913824
792178362
792587828
793596314
793819752
794856601
795362809
795535064
796182691
796576352
797047471
803232834
804031677
804859506
805337254
806027419
809807642
814980211
816778756
819744570
819954078
820166205
821493078
824429190
826880603
828468055
839112960
839629991
843504941
843743138
844061979
845378295
847824097
850013631
850468281
852151934
852599092
853641412
857546382
857890480
863187112
866107910
872304362
873673077
876128071
876780169
877950039
879759215
881374523
882568263
882683709
883943807
885452310
886364999
888029161
889710627
891049959
894939726
896271221
897252530
899599614
902449055
902659785
905786297
908233525
909277535
911195824
921292403
921849404
921968558
922158298
923270049
926181744
929975089
937477870
937584884
938361446
941622348
944597246
946085208
949590879
951143238
952846160
953721667
954008642
955170396
961593653
963267807
964516853
965193110
968596310
971886816
973085362
974348496
978905047
979138504
981046331
981723565
983103520
983507985
984651825
987553772
992104210
994425434
995515218
995809044
1014908742
1022897369
1023529879
1023648691
1025000777
1029037936
1031318542
1031824805
1032843587
1034204361
1035261380
1036106171
1036406947
1036466995
1037979243
1038561496
1042975471
1045638006
1052395402
1053366815
1056716519
1062350759
1062380146
1062439720
1063439066
1065092537
1070023444
1071429782
1072832037
1077459200
1077475216
1077642044
1081828467
1083038522
1085063148
1087803148
1090482970
1098537463
1099001308
1103891076
1106832151
1109743644
1110713098
1114383102
1118045104
1119618172
1119732659
1120149464
1122362821
1130717304
1141713619
1143490697
1143544905
1155076990
1158302999
1163936508
1164763207
1168934812
1172529690
1172857966
1176570432
1177963464
1178029721
1181464404
1182699514
1183228255
1185732101
1185776187
1195190230
1197454403
1199843347
1200629035
1203798707
1205438922
1209939644
1210073154
1210984057
1211321976
1217533515
1219371336
1221834693
1222151606
1222686697
1225584909
1225948164
1227753488
1228378766
1231277963
1234327436
1234685640
1235682683
1236857382
1238133921
1239494836
1243224296
1244894928
1249459958
1252129812
1253643685
1254823204
1255145491
1256523212
1272138883
1275586371
1277333928
1278778683
1279496719
1279538772
1281379187
1281740812
1285950009
1290833723
1297216311
1298380512
1301033329
1301363603
1303754115
1307289104
1311896743
1314699107
1320676098
1327311537
1335416824
1336150535
1337159979
1340856786
1342279910
1345263378
1353879114
1354186882
1355845741
1358126206
1361674313
1363788775
1368859421
1369820541
1370321323
1370982577
1371255493
1378280220
1378345099
1379383757
1380520984
1380807525
1382108823
1386464471
1387352920
1389478370
1390147193
1390456219
1393281142
1393758835
1394774171
1400446792
1405925873
1410935969
1413769482
1415658212
1421480389
1421697010
1421887708
1423708919
1427765671
1428816322
1429780171
1430589248
1433438141
1441289187
1443324513
1445806028
1445914549
1448271993
1450894412
1451567032
1459607894
1460798300
1460843474
1463039753
1463589375
1467188698
1467335660
1472650379
1473588554
1474658578
1477513873
1484308363
1485464151
1486817504
1489170744
1489867685
1494174909
1509344649
1513732270
1519170485
1521849766
1521949849
1523624512
1531998668
1533414853
1534518925
1538536310
1552253167
1556766218
1563414562
1569570001
1572459949
1575581857
1589961739
1601355567
1608625744
1615688619
1617074231
1617164530
1617249949
1619370653
1622050926
1624281627
1626245555
1627031553
1627730056
1630148016
1636462403
1637365660
1641569699
1642285426
1644141385
1644958413
1646536268
1649448539
1653275141
1653785918
1656879099
1658838739
1658879494
1661779093
1666565869
1668660666
1670009385
1670066145
1673814396
1677728994
1689879276
1690122244
1690894435
1691399911
1693622956
1702191598
1707885106
1708215281
1711256424
1711819861
1715283475
1717595524
1721254538
1723718996
1728013160
1729998890
1730961813
1733389991
1735663514
1735751935
1737003231
1737743697
1739230795
1741964706
1745643223
1748140410
1748809277
1752769465
1752967176
1754980939
1755635362
1756122609
1757441649
1758239182
1758644753
1765394319
1765655990
1769406059
1769526516
1771492375
1775178766
1777355431
1778824289
1779286628
1781604345
1785678443
1789513415
1792270210
1793821793
1804267969
1808946489
1809483806
1811674529
1812333901
1812877057
1813676263
1818282012
1819451181
1825130612
1827281160
1829712594
1836413974
1844894831
1846146368
1852278191
1856081499
1857544042
1860353809
1860481144
1873316514
1874309008
1882687766
1885661663
1885743310
1886126517
1888906155
1890265522
1890275892
1891815416
1892573636
1894144036
1906711230
1907899202
1912568643
1913137119
1920894071
1923691029
1924474297
1927737289
1929926870
1931199466
1931320563
1933252819
1938379154
1943152176
1946395932
1950892703
1961587588
1962053977
1963789403
1966189646
1966461995
1970508379
1972636438
1972746863
1974833800
1976708512
1980530391
1980891824
1984971191
1988512568
1993426999
1998147904
2005704073
2009809033
2019519648
2024378739
2025168020
2027568420
2031363195
2032572677
2035889110
2038672882
2040244716
2041282301
2045781041
2053208699
2060575991
2061772714
2063133126
2065850284
2066345105
2072299497
2073356295
2075108882
2082079059
2084568415
2092165259
2093664278
2106587988
2115452255
2125434077
2130101739
2131996050
2132180782
2133187434
2133401236
2134196268
2137986613
2140064650
2142010846
2147124229
5001685798
5004406526
5009017192
5012643259
5014721780
5018004075
5019686071
5019788280
5021396315
5028093528
5031369546
5034676016
5038172366
5038509102
5040145007
5042005892
5044871616
5045204711
5047418628
5050353584
5050798333
5051195300
5052065170
5052862145
5059116878
5065746173
5066983494
5068759864
5070666013
5072797202
5074210868
5084171875
5084559681
5085704021
5087730311
5089299660
5096874343
5100986946
5105091897
5105774902
5107126728
5107857375
5108476809
5109410729
5112737309
5115363362
5119013392
5120127745
5121115385
5121524666
5125291913
5125852298
5129816323
5132234242
5133219158
5133527958
5136649997
5148932026
5150752070
5153165723
5157620728
5164541929
5166380788
5167210097
5168026964
5169051439
5169193826
5172619955
5175809093
5176336241
5177702370
5178526420
5181411708
5183396863
5187667113
5201679648
5201933837
5203797572
5205574560
5208382659
5210356461
5210450597
5210807281
5212401532
5213358668
5220622217
5222235844
5230539361
5231829834
5231956572
5232667602
5235045452
5235952082
5236614829
5237995495
5239534505
5247569481
5254251642
5254991489
5255506074
5258097667
5258378828
5262773077
5263927691
5264720063
5265157912
5266050502
5267300354
5272250473
5273121241
5278048362
5283217585
5283981508
5286536171
5287130851
5289091008
5289487565
5298378702
5298839070
5299041671
5299807998
5300680940
5302133308
5304466012
5308400475
5313165685
5317111775
5317865797
5324354275
5325098893
5332281133
5333792099
5342567370
5353110598
5353675829
5355310405
5356198528
5359354987
5362548336
5365983867
5369996880
5375461830
5376415506
5376512054
5381061160
5384862670
5385545472
5390889652
5401053545
5401981951
5402607786
5404973573
5407870373
5408788455
5412926140
5414250418
5415524598
5420531456
5422208971
5422651018
5430878964
5431068145
5436340622
5438086367
5438886442
5444117887
5447607031
5449083588
5454663507
5455713182
5462544872
5463514039
5466411382
5466524302
5468366899
5468859293
5471948227
5473145914
5474942960
5476599390
5477255376
5480482286
5483130672
5483799156
5486483755
5492780500
5495721281
5496894871
5501850180
5505796067
5507617336
5509196774
5510925092
5513681775
5518848891
5524735446
5526126729
5526197843
5529977702
5531873072
5538829794
5541350889
5542808801
5547717648
5551491423
5552779986
5553633442
5556094785
5560044133
5560531178
5561647666
5567798493
5581223232
5585446609
5585894524
5591456591
5593085719
5593227230
5593675104
5598364676
5600946891
5602001841
5602790994
5606293242
5608024823
5608991910
5613978576
5617630136
5620407246
5622485504
5623797079
5628814576
5629568944
5630023229
5631107249
5637731714
5644857189
5647376662
5648801765
5650020835
5651460335
5664024547
5664276341
5664565957
5669002451
5669145913
5672018396
5673044947
5674838448
5686364232
5688658954
5690296543
5690561635
5692243324
5692545277
5705341813
5705432125
5705930707
5718859410
5724190943
5724455833
5724908556
5732267856
5732501522
5732911623
5738120452
5742023548
5759156174
5759303125
5761038736
5762898675
5765383219
5767253658
5769903685
5776335399
5779324982
5781202622
5786111735
5787006426
5788994615
5792292950
5792344369
5796108003
5802742852
5808787457
5809112626
5816331475
5828179024
5830342955
5831425651
5832153324
5832241888
5832611934
5833576099
5836780347
5838495060
5840276517
5849369143
5851823003
5857646632
5859336587
5860930030
5862684108
5868382843
5878589703
5880666396
5889588140
5892000843
5894203583
5895916700
5896510587
5899198312
5903390572
5904485933
5905874582
5907482876
5913172690
5914878180
5920681982
5926136794
5927108078
5928459205
5931732649
5934603315
5935950641
5942095298
5952204801
5953041356
5955546568
5956641388
5959727870
5959846687
5964932982
5967154348
5968950884
5971422583
5972630042
5972938854
5975501379
5977618284
5979187486
5980813347
5990327352
6001459577
6002902816
6004246279
6007968153
6012081803
6012470553
6013214098
6017979748
6018503912
6019186362
6019510295
6023258232
6030052558
6030479869
6030648931
6036377664
6036526688
6036614054
6049629283
6054890101
6055061144
6057054770
6058226845
6060260698
6060912721
6061702555
6063620956
6071517398
6072941563
6079331975
6083984588
6084365928
6084732221
6085803722
6088374895
6088557285
6090133896
6092910807
6093322196
6106600629
6107925251
6110809128
6110934212
6113774984
6115710791
6115920679
6118504726
6119194189
6122766676
6123107520
6123364994
6128556443
6131413797
6132701274
6136517516
6144718935
6145817475
6148881234
6150690880
6152561952
6152599679
6152964655
6158774443
6164627649
6165355363
6173176344
6173325404
6175233429
6175928286
6180822314
6181693873
6186282007
6191661920
6194047136
6196445742
6200435293
6201352960
6202058076
6203015053
6204440716
6205352273
6205749194
6206255104
6209476819
6213208923
6214243790
6220487725
6220550486
6225910014
6231221087
6233017454
6233540868
6235911734
6237399835
6239802382
6242501519
6243515840
6243739029
6249442804
6250080974
6250467450
6251695804
6252358098
6253560519
6253636164
6255633210
6257267069
6257692420
6258834719
6271581907
6274166729
6277526463
6281014190
6285099161
6286757313
6292923122
6294502621
6298952814
6300357316
6300449483
6303760032
6305856507
6306098377
6308947794
6310866229
6312759761
6316384755
6318135266
6318554744
6319096530
6321403098
6325222633
6326736969
6326822588
6334445673
6334641093
6336012308
6336450666
6337520250
6340998885
6343505180
6343868347
6344435463
6344436924
6345202762
6346536922
6349780291
6354188658
6355091857
6355464684
6360469178
6362257101
6362676835
6363828730
6364117788
6364968990
6368613473
6371999627
6373689322
6374164399
6374366375
6378322718
6384367572
6385121159
6385586505
6386695306
6396050509
6403287101
6407376672
6412604697
6419844885
6420528412
6422846375
6422992751
6424400496
6426546246
6427636650
6427992183
6429023285
6431874684
6434890451
6437136980
6442044143
6442836583
6445555719
6446830844
6447521353
6450483826
6452292196
6452559092
6454924992
6455393343
6456742236
6457177051
6460735664
6461635803
6467588091
6468318478
6471528358
6472427754
6472567766
6474769500
6482194664
6487349203
6488267107
6493361183
6494399894
6503048848
6503396519
6506103460
6509416239
6511812288
6512059218
6512509829
6514009164
6514400654
6514666861
6514805765
6519520410
6526218295
6526916427
6528820293
6528909464
6528945264
6529784931
6532697442
6538235333
6539658366
6544458517
6545728516
6548388690
6549280122
6549751687
6550188412
6551144430
6551336999
6555824517
6556988280
6560378736
6564341741
6567380921
6569003569
6569069364
6574271458
6578218976
6579335705
6586338992
6586801703
6588082807
6591268840
6593982733
6594365521
6597284282
6605065613
6606305419
6606713546
6608513610
6608558061
6608727483
6609092486
6609409600
6609568258
6610940614
6612573714
6612942286
6615879400
6622339990
6622916761
6625020521
6625105303
6625856224
6627283645
6631273378
6631433907
6635415731
6635854332
6636780303
6637910871
6641854221
6643737644
6644458742
6647097615
6648505973
6649143880
6649462571
6652041554
6652788514
6653767784
6656265083
6657246146
6657756904
6658161573
6661495445
6661951710
6663873436
6667889289
6671138048
6675027762
6675323872
6675364875
6675809675
6676595379
6677739361
6683137798
6683417812
6687003075
6689427456
6692704934
6696878391
6698221902
6703457894
6709275461
6712735021
6713226154
6722238870
6722354037
6727664005
6729527584
6729689136
6731664420
6733612421
6735133122
6737658730
6739224154
6744134596
6744713615
6747312162
6748552660
6748857855
6750502633
6752457236
6752498835
6753954089
6757562860
6758184007
6761830052
6765742957
6766133786
6766848116
6767502857
6767706731
6768522748
6770347620
6771706543
6773370031
6777054505
6782460312
6782774257
6783314063
6787045564
6789115570
6793291490
6793441313
6795547740
6797880686
6800648114
6801029875
6803142535
6804407084
6804885045
6805397353
6805867047
6811698223
6813084046
6813956738
6816051944
6816971952
6819423206
6824813016
6827229842
6829106029
6831498895
6836341079
6836415726
6839979296
6840504456
6842207272
6843107642
6845656830
6847323491
6851589514
6855738602
6857359111
6860106744
6862266826
6863332104
6870765834
6873016930
6877802317
6882044499
6883068096
6885896790
6886942429
6887440834
6888002482
6888007213
6888525828
6891231149
6893633608
6899234703
6900504177
6909579279
6909856397
6913919802
6916208562
6916531433
6917684796
6917972107
6919274774
6919890279
6920249960
6921886872
6924096243
6924713457
6925015559
6926773808
6927850585
6928297577
6928528936
6928737261
6932164859
6932866007
6933705682
6934533823
6934567241
6939277542
6941356923
6942434892
6946613867
6948384368
6953254048
6958595606
6960918333
6961646053
6962713232
6967403601
6968115645
6977027875
6978010881
6980798971
6982672794
6985712001
6992440870
6992690364
6994913888
6995715569
6996136509
6997704945
6998261998
6999333597
6999578055
7001905649
7005103650
7005455963
7006436284
7006751280
7008822427
7009065828
7012930985
7013825920
7014724217
7018101880
7018951954
7019550872
7020095344
7020262342
7022002867
7025559913
7026188487
7028892173
7029421200
7032534848
7034866374
7034884246
7036261686
7036920789
7037883822
7040315716
7043045701
7043187025
7044125720
7046886878
7047521052
7047554681
7048148752
7048523585
7050164884
7050254311
7054191844
7055727207
7056908579
7057769918
7058483104
7058543457
7058887853
7061244192
7062309667
7067111531
7071252973
7071594798
7073703562
7073734320
7078031307
7079752018
7080165219
7080853182
7081906935
7083985030
7085001145
7085419235
7089111247
7090738973
7091778109
7093622483
7095474008
7096246940
7096985718
7098940633
7102733652
7103557737
7105919702
7107050322
7107183645
7107306626
7109535652
7112144869
7113369952
7115654143
7120005791
7120816436
7121133612
7122301619
7123857438
7124209787
7124267235
7124846496
7126620524
7129601765
7130196288
7130224494
7130900374
7131496213
7136758533
7139909008
7140797265
7140842308
7140932760
7141864516
7143939592
7144539496
7144971237
7146351650
7146979896
7148108032
7149268766
7149658507
7151794676
7154226947
7154641124
7154753516
7156838664
7156881905
7157142102
7158563661
7163197780
7164524680
7164842032
7165623065
7167320686
7174275864
7175039071
7175324069
7176058351
7176254461
7177197579
7177605702
7177734032
7179414362
7180036415
7180511624
7182623347
7183463805
7183675116
7184221029
7184481543
7188150553
7188285197
7188688373
7189233717
7192142212
7194093957
7195219065
7196202214
7196952271
7197524436
7200089424
7201712955
7201754634
7201973751
7202680658
7204674169
7205991537
7206155760
7207281033
7208588744
7209424311
7212005030
7212425049
7213350214
7213725140
7214375314
7217083166
7220024263
7223830797
7225682169
7226573073
7228871171
7229006954
7231366282
7231799113
7236569437
7237462210
7240519733
7244588009
7244750343
7246760036
7251845376
7252827087
7254266532
7255456522
7258081135
7258943067
7263118763
7263840265
7265158331
7265846964
7266532305
7266608985
7267166929
7270237463
7271322322
7272396607
7274776271
7277568704
7278272469
7279197833
7279291398
7279381936
7279766216
7283217528
7285853801
7286314086
7288483781
7288643676
7289391770
7293887633
7294105168
7294225662
7295956675
7296601496
7298070225
7300838128
7301958036
7304277661
7304449508
7304619380
7305659078
7307102406
7308150267
7309386193
7310674770
7312304571
7317616075
7320329908
7321710563
7325547828
7327479154
7328176392
7329023975
7331905809
7332535280
7332942679
7333023653
7336488667
7336851775
7337730803
7338536481
7338790823
7342543665
7342813171
7343081408
7343149508
7346750435
7347292532
7354539857
7359661539
7360457658
7361134322
7363267717
7365386606
7365890053
7366662327
7371217188
7372810420
7376643374
7377329468
7379052806
7380017446
7381172359
7384846825
7387509450
7387651545
7388426515
7391294707
7391984090
7392156703
7394921808
7397114839
7398011827
7398966049
7400956190
7406879961
7408817539
7415749643
7417134110
7417382482
7420366919
7421940136
7428143629
7429595878
7430467798
7432082469
7433066998
7433142477
7434911308
7437834238
7438609427
7438816604
7439468430
7439602418
7439613653
7446974976
7449038977
7457557017
7457862303
7459737936
7461545671
7462941421
7467017327
7468555814
7471371127
7471655958
7472060330
7472429110
7477135767
7477625901
7478021791
7478838904
7482301728
7482921064
7483053579
7488161519
7492175020
7492290153
7494296654
7495743309
7498075351
7499491914
7501391650
7502369706
7508935793
7511416099
7511551573
7515271645
7515967722
7524237024
7524606446
7525286931
7526924733
7527429729
7532677684
7539233894
7541602330
7542673818
7546906076
7554523487
7562692958
7608442794
7644725823
7712753720
7888132390
7960292523
