110859
220613
363473
534921
909699
977706
1179368
1436073
1798825
1824892
2524318
2573634
3457797
5882421
7523842
10680349
20432535
25437111
27528694
30763040
31142948
32164119
33679190
43760369
44477236
44549273
48517545
49825747
50414775
50692650
51508148
53750906
54532548
54686783
56304950
56904682
58204783
58314768
59007674
60925469
61145608
62419050
62625770
62665005
62697045
62997287
63469712
65947705
66563022
66735389
66928058
67571377
68330853
68572731
70225736
72209118
72272164
72607046
73431161
74171650
75324895
75570629
75811818
77867225
78858171
79592915
80794879
81452781
82937301
85704855
86592929
88406918
90077333
90265295
90479410
91937473
92315502
93268254
94365500
96467048
96956336
101944970
102249272
102824113
103639239
104512248
104641640
104760801
105429022
108888448
109165182
112164951
113522167
113797902
113833220
114277090
114637290
117674425
119894173
120396719
121116560
121896785
123029046
124422887
124527683
124839899
126099050
128031216
128856314
128979518
128983051
129297672
129541968
130931828
131557474
133154291
133163462
133235900
133341746
134036444
134523834
134626832
134885300
135352712
136771079
136810689
137081360
138437792
140288450
142499262
145131016
146237198
146416374
147471671
149422984
149471272
150905691
151900979
152404084
152462059
152541515
152564159
152827894
153749389
153811104
154033972
154782626
156007394
156404632
157206284
157447555
158222317
159641672
159825565
159903447
160403482
162700849
163840952
164511865
164813904
164903731
165048876
165185486
165224071
165617404
165719561
166397255
166858081
167818235
168629765
170256717
173949010
174430893
174649981
174849100
176616502
176845790
176983544
177339850
177379876
178575165
178884827
180683923
180973461
181430092
181431531
181737023
182070270
182618870
183233967
183641001
184016826
184036256
184667734
187607153
187867559
188360623
188702735
189204940
189245409
189577909
189990053
190414127
190793122
190967807
191763762
191871526
192121030
192204203
192204863
192739987
192785373
193634834
193851871
195009663
195126013
195605992
195859760
196000065
196705912
196868921
196983670
197051860
197934615
198470556
198834108
199230807
200608112
200919715
201406489
202061162
202256853
202454510
203979072
204426833
204874067
204909798
205078254
205732931
206613272
206711634
206811761
206839961
206884777
207036480
207445200
207864941
207944700
208442275
208668807
208995479
209167910
209212689
209368581
210041252
211276625
211510502
212103924
212289571
212410608
213314737
213431457
214040540
215532405
215842753
216175280
216357949
216640110
216739258
217214092
218228787
218382632
218679660
218780845
218876780
219602930
219703974
219706015
219950573
220491870
220853925
221116136
221741516
222120469
222662627
223152345
223250790
223632059
224801118
224852344
225493259
225534156
225950547
226012939
226230059
226811017
227224162
227261875
227426508
228016475
228668761
228802739
229302013
229399709
229784138
230116270
230284677
231117775
231201421
231434106
231492605
231824588
232122520
232653965
232953109
233504461
234454081
234486807
236250494
236276015
237129223
237514623
237674564
237871460
237945693
238036109
238166612
239047664
239568482
239655276
239901856
240062175
240417934
240662109
241450032
241618373
242401444
242671588
243428954
243788121
244640373
245060846
245814870
245890560
246330580
246434977
246964072
247517773
247596421
247763771
247929206
248178634
249216090
249381763
251327718
251497809
251913190
251950730
252032498
252441266
253354377
253504126
253639039
254535391
255372620
255463307
255805493
256403216
256603986
256765994
256795765
257310192
257323218
257974972
258114657
258266721
258396239
258432439
258583839
258751743
258756948
259194380
260264701
260522459
260591533
262721211
262746629
263134371
263446318
264148667
264346514
265506622
265748279
266040967
266059829
266132293
267239381
268079638
268219568
270414529
270784151
270963877
271500017
272010598
272461720
272910512
273080505
273853609
274092482
274157624
274555995
274972596
275101678
276114153
276160538
277284254
277456331
277533452
277550434
277662750
277830649
277929853
278559471
279202281
279393978
279444498
279831724
279877322
280433276
281494495
281660418
281893127
282072668
282137263
282487603
282585621
282818880
282829640
283257063
283559124
283978791
283984986
284676259
284883507
285709609
285959360
286009219
286102129
286287180
286730816
287137649
287451473
287833252
288191764
288232892
288679024
289118031
289280653
289620915
289632024
290044142
290406947
290418245
290550699
291253533
291627694
291791372
292090778
292090787
292289353
292976672
293694942
293945843
294167013
294285094
296152754
296787964
296888668
297288956
297824298
298022950
298689659
298738125
298762989
299027084
299137900
299201029
299261117
299460548
300147578
300664596
300877846
301245147
301623017
301779461
301940982
302222129
303349727
303503677
304245578
304285258
304757999
305090997
305226130
305711669
306475899
306524068
306617161
306730255
307021590
307186749
307499036
307749482
307833377
308778875
309248291
309255894
309726137
310243277
310646348
310800784
311107512
311217285
311719370
312752338
312814168
312935309
313428660
313976528
314027192
314682446
315051283
315177159
315594122
315676276
316160245
316525655
316940258
317157174
317358776
317433892
318134643
318487743
318492053
318897556
319161627
319906174
320523128
320527256
320901990
321109790
321483892
321695842
322374226
322487272
322844693
322910403
322947185
323253421
323359328
323850923
324604579
324769556
324800477
326878354
327047025
327290939
327394930
327538082
327735389
329135876
329148920
329226478
329233921
329276671
329925864
329954781
330026120
330134178
330150339
330160136
330371204
330535296
330562517
331143731
331223952
331230768
331304494
331377721
331422906
331697498
332299311
332356861
332490360
332496471
332841974
332843689
335262644
335943496
336129441
336307469
336449411
336612999
337006525
337037203
337169721
337259450
337264993
337443529
337463675
337783683
338282697
338377541
338542548
339141048
339203499
339432302
339619866
340022412
340106181
340214550
341025973
341163101
341249932
341302199
341390853
341850348
342296357
342383250
342841432
343165229
343545954
343590843
343814740
344078505
344273126
344283241
345081087
345089840
345193093
346088047
346290276
347194109
347197462
347477874
347563734
348213463
348228662
348463917
348727816
348785818
349065224
349156454
349242428
349292706
349574020
349967140
350034679
350063685
350169855
350405472
350701659
351696701
351925526
351983089
352165907
352446948
352504739
352752805
353210926
353214828
353260387
353264186
353512923
353620969
353624022
353711499
354246620
354584527
354862991
354907092
355170308
355242817
355622632
355885130
356674490
356677015
356997964
357037451
357450690
357461256
357904444
357936842
358232252
358309913
358614092
358906304
359026238
359360596
360074637
360090218
360313891
360625715
361053085
361482247
361645896
362106737
362727732
362762795
362793683
363034993
363220601
363722508
363905677
364101848
364254021
364570701
364593864
364908039
366455899
366823360
366993469
367420389
367692497
367707242
367766485
368501439
368699847
368797214
369018743
369645273
369731167
369953568
370113498
370324634
370906259
370998105
371022152
371080915
371322122
372500134
373011762
373298485
373644225
373971734
374195837
374455460
374835511
375177932
375509975
375602404
375656265
375852114
375927269
376073999
376152121
376496264
376513706
376668879
376756024
377166235
377240284
377473794
377636006
377659389
377874250
378171092
378306368
378308565
378822847
378890783
378948394
379042021
379425867
379666331
379829134
379862277
380289968
380315449
380584433
380975417
381062751
381196725
381690270
382209979
382557396
382803174
383055728
383409448
383631132
383893221
384273373
384308002
384475845
384548389
384689493
385150025
385270035
385282357
385289563
385372618
385621446
386114187
386141090
386275635
386828006
387124069
387212672
387438334
387464664
387560633
387772272
388081739
388276789
388625239
388884475
389462314
389580176
389884891
389914187
389979847
390382432
390419978
390485872
390554118
390593543
390895106
391464414
391566125
391980029
392124289
392273532
392358078
392366672
392800195
392851720
393474366
393521802
393756327
393779092
394105371
394348010
394358601
394412678
394497414
395301367
395789728
395933873
396057507
396164621
396166982
396363117
396666050
397426518
397824329
397825583
398053583
398337027
398434908
398607925
398644806
398888226
398916534
398997694
399109487
399529738
399761594
399974242
400531269
400688374
401106916
401354143
401749545
402136800
402468564
402621902
402674684
402804565
403077018
403103993
403200696
403262110
403273103
403870679
404432919
404547673
404690278
404720946
404791314
405075066
405348921
405376690
405538287
405775150
405781690
405956675
405961505
406226594
406580047
406961339
407041291
407646678
407779003
407951981
408049284
408344169
408402377
408450159
408966833
409041645
409093702
409319047
409628072
409976952
410056022
410066727
410223245
410322016
410643337
410654962
410985041
411153346
411783775
411845785
412005185
412180323
412728115
412783068
413099557
413243964
413511655
413537195
413740046
414070694
414084164
414323771
414532301
414853991
414966029
415219837
415221813
415440773
415748758
417407082
417621506
417842652
417957800
417973969
418136673
418772432
418866707
419145336
419253575
419738846
419817166
420027578
420358986
420781088
421098985
421243231
421266168
421357431
421493320
421496935
421636229
421908782
421925422
421977702
422142909
422232546
422527704
422913042
423117738
423240293
423356283
423606025
423964849
424025586
424238240
424262867
424348856
424556378
424968476
425030102
425476578
425503991
425755340
425813133
426004920
426122604
426416188
426807643
426818684
426874055
426889528
426963157
427568206
427802472
428190042
428204158
428258474
428473618
428614963
428867338
428953517
429035928
429890455
430210282
430402548
430510801
430733306
430813877
431012695
431021305
431158320
431291234
431389283
431471541
432072616
432422703
432782789
433198324
433506638
433714285
433739418
433753666
433847157
433856666
433869771
433943075
434146514
434238235
434288635
434391871
434443549
434475303
434570686
434879205
435050075
435230225
435233647
435235361
435260282
435537640
435676541
435719924
435732136
435833898
435835230
436138417
436381829
436431003
436596393
436825733
437013516
437279871
437479703
437789766
437842700
438141865
438194361
438214407
438362943
438397233
438540974
438628902
438774325
438790071
438847475
439080938
439271265
439882443
440018785
440075897
440125456
440306929
440459538
440643550
440701007
440935918
441322672
441947662
441995141
442103958
442342823
442376482
442383508
442439131
442913881
443006154
443375779
443542774
443748879
443769435
443895866
443974303
444461023
444463396
444569886
444741592
445074925
445153543
445228462
445305375
445334674
445338987
446023790
446032992
446450843
446894048
447658043
447847207
448002990
448011321
448017134
448087118
448323311
448400075
448586862
448718421
448777024
448897012
449759883
449865379
449915065
450250339
450257075
450366941
450369581
450438834
450593673
450600534
450674689
451058943
451787985
451795589
452115929
452232618
452411871
452523535
452978435
453034602
453301439
453608270
454158800
454267575
454396865
454558767
454813727
455004942
455259396
455267442
455294450
455424871
455825514
456191148
456238717
456316119
456465372
456560221
456570058
456671190
457171247
457262090
457328174
457344788
457351086
457369397
457710462
457880048
458129508
458440894
458800375
458989312
459000280
459008417
459134610
459475486
459608272
459618456
459725667
459851820
460247742
460523031
460783111
460836408
460930436
461009954
461016030
461054484
461178939
461652651
461880012
462112168
462186890
462310960
462862977
462876332
462954716
463569805
463802919
463970812
464032460
464199921
464274468
464475501
464506734
464571512
464805489
464929237
465011105
465041844
465409249
465469923
465635913
465661370
465718529
465742577
465767354
465808792
465827895
465971311
466125638
466554927
467091069
467208244
467257675
467321115
467348875
467351555
467690789
467839501
468297407
468612607
468981645
469057374
469845534
469897785
470165345
470219140
470350524
470393426
470815832
471090907
471268047
471564685
471574935
471593063
471708712
471865443
471866639
471979368
472023803
472072870
472259273
472260563
472413104
472535806
472651728
472723773
472755276
472798853
472904753
472991053
473467604
473743617
473757094
473783420
473876184
473883121
474090043
474093186
474340070
474374013
474644518
474679547
475184641
475590795
475751102
475890661
476268452
476602930
476739971
476794540
476833768
476852555
476890011
477248394
477316033
477602022
477727516
477870433
477898222
478029069
478043414
478139440
478553655
478601419
478800941
478972343
479551083
479831345
479986453
480188199
480481322
481097726
481327052
481477901
481487321
481814425
483010644
483182946
483199757
483538190
483569743
483932725
483940237
484321448
484585898
484652964
484661145
484905177
485183686
485462560
485727996
486085967
486130366
486337611
486415009
486474778
486798508
487444486
487538975
487784838
487815754
488245261
488403874
488469657
488499893
488755406
489446313
489568031
489858243
489911199
489933074
490685400
490866468
490931516
490983477
491024587
491096281
491150955
491419024
491672989
491700290
491717339
491875213
491878015
493226389
493350672
493362092
494239391
494357634
494394427
494582440
494598761
495474525
495774441
495912885
495936631
496011284
496165632
496506806
496763905
496993085
497231443
497277769
497542028
497607233
497734600
497808705
497889826
498188251
498239399
498324935
498440865
498442243
498544957
498555285
499705029
499892254
499990189
500443475
500461477
500973164
501313665
501518642
501892209
501996264
502108731
502258935
502428501
502584967
502789409
502975531
503221314
503594372
503809706
503814534
504183975
504375823
504876709
504999266
505080353
505655010
505673665
506025974
506331931
506503799
506608738
506836556
506836802
506885185
507115629
507335278
507341468
507963960
508089465
508998784
509012746
509057293
509269838
509627090
509642933
510565728
510746839
510852605
511044839
511176161
511423907
511736869
511801344
511815061
512273055
512317878
512330479
512409405
512856877
513737767
514425331
514450043
514839964
514969058
515125642
515528103
516032060
516041667
516060626
516109759
516682293
517092143
517139836
517431369
517478320
517646967
517696443
517799731
518483265
518794517
519009593
519246171
519316143
519547492
519660706
519715786
519994100
520155749
520454251
521454610
521624826
521658780
521708079
521857368
522413745
522434618
522647339
522730276
523373957
523601974
523909941
523964177
524346472
524742746
525009131
525230349
525457627
525595910
525937648
526218830
526717133
526959133
527056605
527329517
527597741
527778080
527860809
527925033
528036833
528142357
528406706
528509446
528908374
529056841
529202150
529270377
529772890
529900567
530335244
530560353
530759386
530863633
530959592
531255087
532078217
532237397
533125309
533181880
533238934
533512429
533559353
534259331
534265534
534723860
534825856
534886462
535001060
535552420
535573533
535638672
535972656
536166222
536254420
536371598
536393496
536685083
536958127
536980018
536980935
536991695
537337703
537516416
537535765
537613147
537759063
537773489
537811573
537932720
538321015
538347108
538365589
538602394
539249121
539367413
539476388
539565262
539571361
539822643
540074528
540075336
540644082
540683984
541268604
541854067
542063294
542206289
542497231
542652642
542992370
543089964
543130777
543187228
543384459
543545578
543581322
543693633
543924210
544528065
544779419
545063761
545777541
546129587
546521623
547103850
547215202
547255384
547471872
547473318
547525563
547914946
547941331
548120162
548186798
548731248
549325457
549399272
549579333
550255122
550438717
550495546
550753888
551010877
551187240
551404453
551836696
552321559
552394645
553121881
553227071
553704539
553707654
554431016
554490178
554610208
555769541
555775444
556068290
556435213
556582259
556619510
556621777
556795727
557033480
557052189
557511606
557849794
558298497
558523239
558605025
558771869
558944717
558969596
559037945
559518462
559743223
559762687
559869502
560202455
560491801
560629458
560694511
560736783
560807838
560888319
561195778
561255117
561575842
561784038
561990989
563059571
563538670
564446048
564764793
564797465
564885707
565179672
565653479
565700198
565783909
566621042
566685644
566838630
566903239
566951197
567158160
567182100
567197709
567355938
567401557
567585214
567731312
568549736
569340806
569482009
569555577
571076853
572723977
572761997
572856463
573638921
574036082
574559578
574631840
575173615
575328634
575406980
575791640
576664814
577351131
577869326
578304204
578450937
579055597
579164856
579609696
579892775
580202387
580284917
581353488
581393081
581430217
581889266
582151605
582453196
582730725
582811868
582912771
583208928
583349757
583787510
583869347
584186456
584276429
584463524
584769892
584857183
584909786
585581609
585646293
585661053
586823887
587152889
587645493
587673769
587706636
588147050
588301390
588403689
589120554
589179630
589340386
589583484
589932880
590244438
590726017
590876111
590941391
591492507
592010363
593395678
593410448
593556727
593776003
594440340
594931690
595271308
595278316
595322652
595483641
595592548
595839459
595994944
596117258
596218698
596283387
596742511
597012408
597025291
597264948
597356562
597786524
597796747
597990492
598626656
598871704
598900243
599101094
599184615
599370002
599576464
599803761
600481745
600666416
600981048
601783066
602144463
602388173
602494271
602516098
602553259
602965176
603085154
603768500
603982593
604020567
604215264
604324601
604350334
604764932
604782276
605410055
605571014
605729939
605850590
605908311
606010269
606018649
607755082
607836766
607904021
607967441
608104535
608131199
608157275
608394882
609444197
609491454
609605755
610035216
610112798
611046126
611644831
611748029
611794248
612517163
613106629
614032674
614348535
614565664
615092750
615129123
615198841
615734553
615781722
616109842
616298259
616659343
617870794
618153506
618352414
618654983
618766445
618882028
619053748
619488361
620268978
620412418
620585470
620926333
621105365
621191744
621215161
621797045
621888767
623162082
623292094
623393223
623737210
623798246
623923569
624523918
624532149
624984856
625397017
625549894
625553753
625762614
625946446
626194549
626389692
626786353
626807291
627143445
627143985
627150565
627610446
627930077
627939846
628511352
628525812
628545220
629094011
629379952
629710266
629766155
630007117
630661842
630826801
630955002
631015588
631019328
631105785
631229969
631470130
631678363
631681103
631973986
632027130
632068475
632125117
632271935
632903763
632942601
633311611
634232501
635050290
635310454
635740412
635973725
636179842
636223759
636352531
636472947
636754358
637191641
637458486
637682105
638043253
638043868
638321663
638649618
639121301
639807966
640298151
640424164
640467645
640542456
640798731
641034148
641164821
641245027
641338367
641348040
641602600
641671895
641811241
642597083
642753087
642947058
642994219
643741049
643845642
645271127
645356136
645403057
646172141
646402833
646824170
646900758
647192404
647580319
647665033
648191096
648492618
648687081
648780170
648823555
649115955
649632664
650003772
650101864
650194230
650589392
650836899
651543171
652040298
652861812
653406600
653462122
653641432
654261959
654305787
654318224
655067213
655068119
655519148
655541154
655563650
655847044
656045221
656090842
656561260
656698278
657009008
657137209
657469831
657506413
657509967
657834003
657843553
658415213
658786576
658803908
659109162
659136517
659634308
659862011
659863735
660139606
660177967
660418327
660851009
661510161
662114141
662117407
662259276
662562470
662820079
662858168
662973946
663432373
663444845
663762751
663925866
664066470
664790518
665370164
665690462
666345287
666439781
666495767
666848597
667715313
667747666
668236813
668345393
668395808
668641942
668876757
668966966
669146490
669752932
669819553
669864604
670447864
670449597
671113299
671563449
671764918
672336368
672551215
672803880
673140322
673561387
673752199
673759679
674017310
674589482
675363619
675688574
675907648
675912465
676141852
676144547
676238365
676342893
676498890
676998983
677096333
677251938
677610511
678749442
678774743
678883312
679112546
679263428
679505566
679539177
679782426
679911410
680535909
680653871
681053505
681365131
681439497
681675484
681819674
682296134
682491959
682673597
683086592
683152051
683291202
683347957
683404419
683410199
683457299
683488408
683489266
683607842
683861268
684087136
684487672
684625733
684798746
685051357
685077772
685176610
685183271
685536100
685758397
685915071
686158064
686525105
686658964
687193084
687482359
687488372
687621230
687683019
687731909
687736050
688154016
688648760
688824738
688844649
689151099
689802464
690099614
690850574
690915311
690992011
691456656
691585719
691865138
692396909
692506016
692868668
692992161
693119868
693458089
693637571
693662589
693780066
693931072
694184741
694266287
694882296
694893214
694996499
695594646
695607281
695692577
695824470
696096459
696382507
696764230
696959589
697035229
697144406
697189675
697681389
697695914
697797130
698696473
698723173
698760810
699433370
699593560
699827602
699899204
700372203
700551081
701080279
701101307
701116987
701117884
701404107
701668957
701722815
701730061
701738681
702040724
702740579
702947028
703008256
703040206
703353514
703766676
703781470
703819010
703867111
703908905
704495084
704626279
705273494
705476325
705946536
706404655
706976430
707005306
707093978
707157600
707755186
707976086
708609184
708828356
709053272
709076919
709397415
710898391
711126837
711403195
711611288
712771825
712967407
713090185
713855607
714161192
714240766
714297331
714311210
714973553
715359907
715414797
715858117
716825854
716882361
716957336
716988709
717169147
717377212
717780033
717822121
717970163
718116321
718427684
718452754
718746269
718853787
719608717
719959943
719984672
720121594
720308812
720456165
720507295
721212257
721271955
721285869
721368009
721593015
721866569
722104499
722228769
722565113
722648606
722861494
722988369
723152180
723554779
723596299
723621434
723876619
724242969
724431697
724737003
724835660
725178309
725443699
725453348
725502622
725928035
726164640
726275459
727579647
727703789
727905760
727977975
728100440
728385367
728677164
729168946
729294139
729667761
729883569
730584360
730629086
731520503
731577919
731774343
732145937
732342402
732869978
733111879
733158180
733223189
733371064
733632153
733747186
733772017
733773184
733790957
734240631
734368696
734507873
734658167
734732277
735064062
735161862
735284496
735640426
735703465
735772141
735820372
736002885
736238483
736777897
736871747
737611137
738235602
738280930
738398597
738534998
738591065
738843505
738877931
739224553
739693838
739886398
740239697
740275666
740879059
740882295
741201136
741280850
741350309
741926820
742081069
742380283
742783761
742959743
743250565
743397559
744936087
745451988
745730356
745847013
746571398
747051725
747173781
747219136
747225545
747517941
747659231
747885035
747903786
747940363
748439378
748445033
748726537
748782463
748919051
748979377
749562785
749572385
749659079
749800215
749994254
750000717
750163189
750171567
750508580
750771355
751146645
752552258
752873875
752967539
752983732
754066779
754171469
754355065
754436443
754557086
754725112
755071797
755147859
755343060
755518218
755574820
755697011
755899075
756191140
756259048
756339259
756590748
756730580
757306085
757863736
758074298
758398804
758556732
758661508
759323370
759975951
759980002
760128788
760518056
760938378
761206702
761596959
761635834
761693254
761901894
761925596
762286488
762320332
762350775
762454613
762772305
763107337
763178938
763479268
763659123
763746306
764203126
764427344
764582559
764703385
764750674
764848108
764881177
764983441
765180937
765224714
765227360
765868279
766003390
766080177
766422091
766539668
766639363
766642029
766701103
767287258
767402122
767464978
767971099
768217111
768525035
768725343
769194765
769438199
769439286
769786132
769793738
769825036
770258843
770339270
770687664
770914244
771106197
772188218
772299516
772811507
772867804
772900218
773781249
773809672
774078885
774411704
775025206
775335277
775379710
775977005
776367026
777470570
777551131
777565023
778280324
778467055
778488112
778496560
778727852
779070524
779239909
779366183
779369525
779392966
779429183
779555294
779630574
780089088
780308638
780757040
780905695
780980659
781023815
781677700
781815794
781817698
782064487
782258222
782994557
783054228
783170650
783591739
783613555
784389070
784948769
785142945
785234221
785533402
785665410
785812394
786125563
786452252
786498630
786632788
786829437
786943197
787298322
787389494
787440303
787638399
787852239
788210398
788391202
788444273
788730474
789455847
789694302
790055596
790358791
790494085
791019025
791569075
791728937
791752632
791760333
791960475
792454660
792587828
792747872
792898718
793023303
793136961
793169213
793710008
793728339
794129083
794264751
794912358
795418193
795480571
795529052
795552576
796501552
796700057
796941701
797142865
797318736
797460199
797616924
797627804
797927602
798266335
798317328
798940456
799083053
799113473
799244527
799356016
799479489
799614186
799777108
800150936
800452902
800683020
800834229
800835605
801149261
801225587
801336159
801474861
801561271
802320557
802938054
803386553
803435967
803483594
804228143
804589373
804742072
805265331
806027419
806032822
806110707
806183045
806378022
806427721
806730071
807842001
808061513
808444624
809427100
809521199
809540450
810160669
810363408
810370325
810553423
811038621
811080024
811094117
811155724
811180181
813155151
813172349
813199011
813905669
814164999
814234613
814721917
814980211
815062294
815212522
815228990
815327477
815547595
816112800
816272293
816347750
816474555
816798663
817524534
817763950
817768819
817893465
817993310
818378805
818383595
818458298
818499017
819064332
819290296
819387171
819406080
819738912
819871276
819921597
820166205
820202362
820283710
820365603
821312183
821338873
821485336
822118425
822638713
822772328
823287346
823399961
824224212
824403279
824667381
824763690
824782400
824816930
824871069
825037279
825491797
825548446
825705425
826101525
826116242
826219875
827351197
827531202
827825329
828121657
828309568
828905347
828906911
829166128
829272319
829459128
829533087
829949158
830091750
830441011
830558640
830771781
830975582
831131197
831296544
831602977
831862546
832459490
832553715
832589276
832632211
832856552
832896913
833228806
833653136
833723012
833890978
834004790
834238700
834342533
834513459
834695942
835017392
835107864
835435220
835785154
835857197
836114910
836207469
836302516
836802992
837029277
837242751
837327459
837421101
837644532
837951882
838030861
838251053
838738834
838843512
838870061
839670872
839685459
839909831
840098544
840274228
840458034
840705941
840809782
840944403
840986317
841414060
841565084
841636759
842761905
842986583
843088409
843350385
844137167
844795480
845028417
845130404
845223813
845378295
846120239
846504886
846688193
846707249
847344155
847628809
847680926
847830076
848049238
848325365
849037906
849113305
849176442
849479338
849947310
850442922
850496655
850806953
851485646
851807505
852326333
852398987
852599092
852601907
852636735
853088152
853203751
853588634
853826763
854020962
854457927
854698151
854821525
855021601
855458772
856123507
856204531
856440628
856705149
856718755
857192229
857421694
857776017
857790180
858010735
858249349
858611909
858830791
858866651
858889210
859079704
859429436
859555062
860072949
860096940
860568900
860887376
861434980
861890986
861928217
862746493
863033970
863693785
863766465
863838323
863920951
865011336
865098233
865595755
865980170
866107910
866276003
866286746
866352988
866880311
867429460
867645053
868151481
868393931
868908249
869268014
869802566
870172982
870463542
870541974
870761675
870803104
870824103
870885439
871061649
871117586
871125115
871499134
871818627
871927749
872295211
872515756
872570560
872587568
872686953
872786465
872816274
873320517
873702436
873784144
873879399
874039269
874205870
874288001
874425768
874718925
874937247
875221802
875257335
875358233
876128071
876317557
876368575
876466868
876651821
876750303
876796811
877001503
877214923
877554699
877696876
878016950
879127885
879778354
880659084
881036638
881126379
881144371
881282068
881291551
881374523
881496281
881901156
882344586
882854176
882869462
882930755
884386865
884480258
884901394
885328765
885428119
885580956
885946107
885948651
886105164
886653134
887190128
887190780
887865910
888054555
888055441
889400801
889720477
889881487
890442225
890762791
891049959
891127304
891606637
892441159
892488633
892495632
892699390
892944876
893460157
894414845
894771131
895137431
895305142
895538007
895541239
895905195
895960083
896019435
896027110
896442678
896635359
896966077
897117784
897328583
897779512
897984678
898582958
898711720
898890641
899977767
900137905
900194732
900265034
900323089
900343793
900569949
900785990
901083434
901112288
901663768
901704961
901746453
901918739
901975656
902191601
902319456
902383445
903563338
903565780
903638759
903969970
904149745
905005374
905927007
906347936
907245078
907542243
907768730
908258284
908368414
908938417
909134829
909503105
909732115
909761604
909939800
910134037
910154511
910880518
911132557
911605443
911903238
911996475
912091290
912573612
912916283
913216979
913483171
913663493
913820853
915067995
915163496
915427564
915600038
915886047
915954196
916567882
916837889
917088096
917181180
917356606
917880243
917963047
918017668
918065331
919013668
919037621
919725146
919765619
920401404
921361554
921365575
921744727
921849404
921968558
922074176
922158298
922946905
923002222
923046085
923229485
923229893
923912099
923935266
923939828
924028595
924452410
924709882
925506620
925520914
925576163
925719835
925746667
926005380
926181744
926511929
927635932
928170094
928202198
928577503
928712336
928739487
929075084
929473202
929762428
929849996
929975089
930524627
930727526
931009853
931080811
931902813
932081767
932589427
932641114
933051930
933619374
934037689
934579054
935320889
935495949
935727077
935915163
936291237
936386978
936435055
936722240
937615565
937646968
937947647
938202172
938296414
938317563
938754065
938913488
939414498
939688472
940536297
940635127
940989824
941030482
941200556
941363010
941377536
941658431
941802414
941827937
942130746
942137971
942275110
942365089
942638828
942725235
942760862
942828226
943243505
943659320
943670957
943829394
944070212
944111145
944248447
944276139
944422711
944464231
944507859
944570204
944808301
945518742
946216577
946372878
946503200
947233493
947386203
947493196
947705326
947756986
947815380
948353774
948888874
949042579
949232184
949820365
950345426
950707400
950713538
950756194
951072574
951096984
951653781
951821121
951830521
952228663
952291026
952332052
952509225
952725708
952848940
953069998
953721667
954091811
954217848
954267602
954629266
954838618
954840724
955285057
955424151
955611065
956038595
956138247
956142982
956471081
957332095
957570985
957854533
957905220
958046499
958051705
958309030
958377886
958779414
958925077
958944902
959228512
959431825
959647324
960249392
960541543
960646962
960694891
960829900
961130361
961352210
961389460
961407169
961611113
961736723
962045227
962677524
962705532
962815937
963743525
963967899
963984815
964055831
964208554
965193110
966117446
966612764
966888021
966945911
967055178
967228393
967362337
967378498
968022896
968056669
968247593
968261823
968378833
969113204
969113372
969324670
969698897
969865934
969983496
970543528
970611853
970881045
970961148
971275638
971352458
971763937
972351944
972623669
973091716
973248517
973397237
974448915
974537172
974681381
975162546
975192970
975219359
975265747
975665943
975838739
976355714
976534948
976643820
976870296
977159271
977457213
977713421
977744814
977808989
978469535
978886329
978920963
978981869
978986548
979119252
979217378
979259517
979278943
979393360
980058037
980117897
980222272
980434232
980787632
981458477
981506707
981676693
981801356
981834237
981842263
981893166
982338227
982365680
983146993
983273876
983420578
983517709
983610801
983713197
985099345
985587167
985900634
986719497
986808794
987610068
988001843
988292576
988668036
988861326
989270664
989598454
989629406
989696252
990023266
990119954
990170341
990331637
990411165
990645127
990701082
991267992
992052527
992104210
992168207
992226617
992535352
992709195
992763439
992856210
993246089
993331697
994387530
994911037
994993866
995699337
996714288
997162441
997473803
997581891
997586084
997828681
998107613
998501887
998593596
998686078
998942346
999639635
999716714
999888663
1000724557
1001060031
1002007161
1002138816
1002932813
1003215844
1003244589
1003395461
1003410137
1003500084
1004324718
1004712452
1004735157
1004899661
1006366783
1006374226
1006551694
1007492231
1007665069
1007922268
1008164443
1008618677
1009128516
1009520742
1009926920
1010621659
1010656659
1010660883
1011215664
1011262276
1011363556
1011394748
1012054993
1012165987
1012303659
1012342091
1012632464
1012864086
1012937316
1013144584
1013576312
1014458510
1015026055
1016166031
1016685993
1017981589
1018768428
1019187582
1019234449
1019293610
1019637602
1019661153
1019883567
1020062408
1020235865
1020458352
1020465842
1020523192
1020653698
1020804509
1020981639
1021098861
1021125506
1021132276
1022170749
1023034089
1023045038
1023207607
1023407701
1023438132
1023625198
1023952479
1024267129
1024387657
1024941168
1025081912
1025105425
1025113825
1025394782
1025408835
1025618757
1026118622
1026242686
1026949417
1027199438
1027236724
1027261502
1027310757
1028552422
1028574999
1028825703
1028917105
1029360356
1029451242
1030005874
1030034498
1030286201
1030298203
1030473144
1030623469
1030657482
1030870267
1030887453
1031353678
1031758314
1031765432
1031824805
1031833538
1031907243
1032022384
1032077814
1032131722
1033157609
1033354840
1033907042
1034168615
1034240587
1034521100
1034630407
1035102832
1035658032
1035995959
1036005022
1036059198
1036504731
1036566634
1036638649
1036770459
1037617515
1037736157
1037766359
1038579038
1038618170
1038826928
1038835252
1038881896
1040012759
1041247981
1041912811
1041915762
1042114454
1042387292
1042439949
1042755383
1042878991
1043053131
1043410944
1043440814
1043448651
1043687243
1044045114
1044159411
1044409676
1044430162
1044630080
1045159331
1045917516
1046536419
1046662987
1047261650
1047349160
1047576792
1047631518
1048292372
1048361958
1048454185
1048572721
1049201738
1049642077
1049798749
1050505182
1050527082
1050687814
1051066922
1051098709
1051439557
1051759252
1052213640
1052270840
1052624183
1053026189
1053366815
1053477319
1053493957
1054620465
1054774470
1055231906
1055410963
1056445420
1057522650
1058104818
1058293209
1058888774
1059499503
1059500266
1059574562
1059613514
1059965970
1060094406
1061262769
1061381862
1061713377
1061823720
1061850054
1062318655
1062380146
1062835021
1063272963
1063822507
1065277670
1065332363
1065356087
1065637574
1066398946
1066600664
1066651264
1066886524
1067053800
1067667312
1068031212
1068131981
1068286175
1068394641
1068681881
1068722259
1068793041
1069466671
1069736826
1070518661
1070977440
1071082811
1071223736
1071228186
1071253039
1072293053
1072832037
1072976685
1073034088
1073650102
1074542401
1074767180
1074827377
1075200805
1075329308
1075872758
1076300881
1077475216
1078180658
1078246980
1078782108
1078913448
1078957636
1079607378
1079610652
1080621502
1080704347
1080744985
1082361682
1082689894
1082761742
1083044131
1083109546
1084494639
1085163664
1085684729
1086325761
1086531210
1087203130
1087370961
1087454683
1088014526
1088479008
1088643883
1088750048
1088983164
1089097348
1089432666
1089478831
1089611455
1089783455
1090011291
1091344531
1091799029
1092615842
1093212146
1093310892
1094156396
1094354889
1094792206
1094820019
1094968887
1095127346
1095356302
1096359921
1096573415
1096828146
1097110510
1097328426
1097868548
1098013253
1098322951
1098984897
1099665915
1100157168
1100202917
1100253364
1100816325
1100903134
1101745900
1102250926
1102523964
1102580404
1102632024
1102827374
1103290562
1103531912
1103864635
1104239977
1105717402
1105864450
1106160502
1107291523
1108253516
1108417837
1108514337
1108855299
1109005109
1109497590
1110817702
1110822622
1111744996
1111991683
1112133889
1113227298
1113738931
1113958378
1114073765
1114174216
1114196188
1114338572
1114924036
1115059620
1115559001
1116845706
1117203636
1117322189
1117348993
1117433472
1117438213
1117656272
1117709030
1118643067
1118953056
1119119322
1120106037
1120403475
1120919653
1121359859
1121601473
1122362821
1122829399
1122938522
1123316400
1123976504
1123987669
1125071001
1125103384
1125666956
1125801982
1127228076
1127676209
1127969837
1128292978
1128470403
1128693885
1128780897
1128847560
1128949215
1129654778
1129667608
1130717304
1132092790
1132153342
1132591404
1133014959
1133073229
1133132192
1133223193
1133838915
1134104692
1134502172
1135111444
1135725049
1135765274
1136052261
1136632862
1136812010
1136992830
1137301353
1138377159
1139060783
1139413315
1139555968
1139990120
1140273116
1140643981
1140662825
1141023293
1142152777
1142519950
1142548287
1142761560
1143470661
1144054451
1144800202
1144910894
1144978773
1145378614
1146787574
1147541358
1148548713
1148626928
1149127446
1149573031
1150399971
1151841389
1151843557
1151950198
1152427465
1152917982
1153044981
1154267195
1155002344
1155898959
1156160297
1156218677
1157486998
1157790330
1157809074
1157849455
1157985644
1158133296
1158191804
1158260980
1158469691
1159197959
1159232147
1159258248
1159480484
1159766934
1160856118
1160867096
1161396646
1161742669
1161931590
1162383049
1162425908
1162764609
1162872740
1163037761
1163936508
1164359470
1164758587
1165328393
1165873005
1165946413
1166158347
1166282735
1166826497
1166904714
1167700131
1167821728
1167840678
1168127132
1168447048
1168934812
1169140344
1169209562
1169544357
1170210331
1171061793
1171225463
1171541868
1171743958
1172128835
1172255495
1174909649
1175530473
1176858175
1177034168
1177141944
1177166914
1177719906
1178169239
1178781352
1179095864
1180215953
1180829044
1181109642
1181484864
1181495270
1182922575
1183034279
1183120850
1183228255
1184198305
1184770732
1184830035
1184915788
1185232622
1185321255
1185455515
1185952037
1185974111
1186318010
1187754986
1188802164
1190038995
1190566732
1190682545
1190825323
1191699576
1192722386
1193458721
1193767448
1193906495
1193959053
1194040155
1194517401
1194545024
1194578113
1194784722
1195848483
1196149724
1197093409
1197454403
1198560953
1198662595
1199259941
1199526858
1199843347
1200148986
1200356739
1200565172
1200629035
1200667504
1200802476
1201483804
1201502764
1201592202
1201785472
1202133168
1202407177
1202686806
1203323073
1203946394
1204054716
1205143219
1205370336
1206538353
1206786490
1207393942
1207490710
1207685391
1208350088
1208427137
1208990426
1209134890
1209159203
1209274999
1209365905
1209549706
1209905912
1210903191
1211728022
1212518572
1213527783
1213673711
1215161332
1216135815
1217860045
1218239675
1218571514
1218660510
1218987523
1219101087
1219148265
1219262962
1219295914
1222191487
1222742851
1223488459
1224127443
1225228872
1225786146
1225894317
1226301779
1227391494
1227823769
1228564040
1228648400
1229735318
1229804321
1229818221
1231110287
1231234115
1231588613
1232666722
1233461812
1233691169
1233838093
1234071830
1234114462
1234208361
1235006123
1235058524
1235311470
1235410741
1235528850
1235691255
1236488225
1236693049
1236846244
1237313436
1238290615
1238653355
1238946450
1239163678
1239239188
1240198142
1240259868
1240268852
1240322993
1240929495
1241433422
1241963524
1242138471
1242141311
1242153587
1242310202
1243142119
1243241355
1244248313
1244661399
1244772982
1245232619
1245515588
1245531550
1246680099
1246921287
1247197903
1247949973
1250125798
1250290817
1250513052
1250818590
1251735130
1251828242
1251949274
1252458092
1253292780
1254015174
1254408454
1254474321
1254837400
1255145491
1257693944
1259353090
1259533505
1260067656
1261201749
1261410561
1261574379
1261815418
1261835479
1262336152
1262502587
1262681809
1262715491
1262758621
1262810747
1264138358
1264362679
1264457581
1264710944
1265240067
1266466127
1266739252
1266855321
1267024425
1267287288
1267813289
1268697051
1269373098
1269451601
1270117023
1271040070
1271168604
1271330254
1271544004
1271863476
1272106142
1273318823
1273493059
1274503753
1275307671
1275364443
1275734333
1275986474
1276053183
1277044258
1277385991
1279358104
1279460208
1279569170
1279820062
1279907903
1280366130
1280500660
1280530090
1280578824
1280669796
1281641751
1281728624
1281740812
1282239381
1283469330
1284447668
1284815928
1285496899
1285925355
1286334819
1286361406
1286962890
1287359107
1287629283
1289080263
1289734508
1289975848
1290144010
1290339581
1291189119
1291547731
1292426196
1292649890
1292786020
1293396868
1293481578
1293548092
1293765901
1294453164
1294928458
1296580820
1297281683
1298565264
1298864630
1298916621
1299100671
1299642973
1300739855
1300864128
1301033329
1301928006
1302326912
1302346304
1302375521
1302673216
1302725614
1302743423
1303161239
1303400737
1303519330
1303763621
1304324938
1304609935
1306534722
1307207084
1307259310
1307276433
1307410352
1307515612
1307819966
1307846817
1309989537
1310282596
1310599230
1310829705
1311028091
1311394164
1311564513
1311607475
1311843921
1311895168
1311932536
1312014906
1312176981
1313151165
1313185321
1313499211
1314403174
1314781253
1314791899
1317537834
1317998125
1318416700
1319129410
1319266609
1319512986
1320676098
1320677453
1320731703
1321797020
1322126425
1322483434
1323371508
1324450304
1324689714
1324875032
1325521028
1326256906
1326767314
1328049435
1329058609
1329298872
1330717623
1331171061
1331212784
1332199235
1332917543
1333663503
1333849467
1334163477
1334257529
1335711167
1335868163
1336150535
1336221427
1336972520
1337623412
1338279114
1338525805
1339154420
1339221459
1339331748
1340154803
1340237631
1340961543
1340970837
1341436804
1341482842
1341526352
1342286980
1342962606
1343062176
1343412795
1343471677
1344198195
1344870865
1344987414
1345628057
1345841590
1345911461
1346376160
1346892363
1348194333
1348694206
1349002706
1350419343
1350669037
1352764759
1352801894
1353879114
1353883619
1354255562
1354485222
1354558151
1355165487
1355257808
1355288534
1355845741
1356514507
1356668372
1356734083
1356977493
1358126206
1359042943
1359108506
1359317642
1359684430
1360224198
1361568641
1361674313
1362001345
1362489514
1362688416
1363442698
1364965007
1365386005
1365593063
1365743179
1366297929
1366455884
1366839932
1367898996
1367936591
1368026839
1368028027
1368427928
1368571848
1369613453
1370009684
1370299320
1373195303
1374883106
1375588792
1376700550
1377103616
1377108528
1378345099
1379843372
1380374077
1380467861
1380938777
1381227203
1382073172
1383971253
1384368792
1385120011
1385401569
1387130420
1388184830
1388205789
1388353212
1388570848
1388829056
1388958064
1389599947
1389988665
1390445056
1390481514
1390813993
1391040161
1392655330
1393377966
1394486702
1394625363
1396532119
1397266895
1397559465
1397574803
1398866413
1399474238
1399924387
1400008188
1400772933
1401435552
1402495766
1402878589
1402879799
1403485469
1404406862
1404945199
1405356542
1405925873
1406380337
1406647772
1407422169
1408441923
1408789448
1410602055
1410950487
1411430230
1411521973
1411929961
1412059945
1412138388
1414231627
1414265128
1414676149
1415824682
1417207457
1418509698
1419316828
1422346967
1423798694
1425012221
1425659270
1426272278
1426767090
1427263207
1427322688
1427739355
1427765671
1429391134
1429670318
1429670437
1430371947
1430732244
1433120433
1433401886
1433790453
1434496854
1434728264
1435275069
1435583753
1436795888
1437232325
1437715416
1437899633
1438394704
1439105197
1440628327
1440966001
1441016846
1441186809
1441289187
1441469700
1441483109
1441728197
1442409863
1442449360
1442686934
1442954891
1443223628
1443653205
1445271462
1445636403
1445806028
1446371486
1446548405
1446766960
1446937676
1448755808
1450289930
1450606812
1450756923
1451561738
1451567032
1451904094
1453625320
1453754719
1453966121
1454914088
1455165667
1455301062
1457678612
1458141493
1458214968
1459144237
1461302702
1462707430
1462745803
1463502043
1463576631
1463589375
1463658915
1463938138
1464430231
1464864178
1466881119
1467755459
1470246511
1470948555
1471428108
1471580467
1472650379
1473459700
1474166980
1474703450
1476680531
1479693364
1480915283
1481538113
1481609861
1484127854
1484883118
1486024883
1487406080
1487499388
1487600920
1487965004
1489378760
1489430712
1490354201
1490836550
1490926751
1491044374
1491546152
1491926956
1492334607
1492600416
1492825155
1493620102
1494170059
1495284782
1495370077
1496103359
1497364377
1498083459
1498732153
1499372608
1501130936
1501345508
1502296243
1503871537
1504809120
1505417670
1508794441
1510759069
1511454934
1511556887
1514295276
1517906527
1518448648
1519203480
1521305438
1522116710
1522487545
1524326786
1525530587
1525655031
1525832562
1526025858
1526290736
1526569724
1530495629
1530785064
1531347601
1531529168
1532342946
1532537524
1533213283
1533409359
1533701818
1535122566
1537352852
1537812576
1538754014
1539746174
1539888885
1542857240
1543416689
1543997811
1544084369
1545303211
1545762500
1545957564
1547944425
1548008852
1549352034
1550523836
1551976246
1551988186
1552698507
1552707232
1552750413
1553563641
1557017411
1561310980
1563151178
1563879420
1564299056
1565423859
1566148360
1566422591
1566590783
1570219895
1572124966
1574201845
1575566118
1575965202
1578153283
1578283188
1578978664
1580988821
1581518888
1581564265
1582098955
1582453938
1583269925
1583322487
1587674840
1587865371
1588957528
1589296391
1591567152
1593215316
1593564683
1594646798
1599185873
1599389106
1599405632
1600060973
1600498457
1600921064
1603265322
1604209180
1604461730
1605197413
1605371327
1607290512
1607663703
1607664789
1607862258
1608154045
1608306196
1609073148
1610919772
1610920168
1611185806
1611642496
1611725505
1612449963
1613021911
1613050873
1614263266
1615311403
1615480380
1615892049
1616760097
1616762676
1617624618
1619186437
1619212094
1619918586
1621407460
1621573108
1621957576
1623854997
1624326242
1625001055
1625769248
1626105125
1628943962
1629548272
1630817261
1631335970
1631449346
1631947918
1632555346
1633147290
1635283241
1636053844
1636397486
1636767329
1637365660
1639173219
1639186155
1639423660
1640704935
1640759865
1641473349
1641625958
1643049492
1643696091
1644327523
1644908202
1645354383
1645591608
1646005496
1647060210
1647866572
1647992913
1649648250
1651553557
1653275141
1653600392
1653637802
1654292580
1654324455
1655037142
1655228341
1655298627
1655325310
1656757802
1656792706
1657530374
1657649830
1659305033
1659343302
1659917605
1660370795
1661856681
1662440930
1663290237
1663835199
1663840316
1664910897
1665002176
1665241413
1665788692
1666565869
1667463894
1670635331
1671684850
1671823268
1673514531
1673940209
1674129927
1674892782
1675643579
1675989962
1676367892
1676583322
1677841156
1678106062
1679167823
1679408147
1679642114
1681481800
1681768271
1682964482
1684402873
1684761431
1685428271
1685486137
1686045323
1686546169
1686642034
1687123203
1687184008
1688321836
1688727139
1689544991
1689553489
1689948391
1690413264
1692470041
1693567759
1695744095
1697384178
1698981305
1699021320
1700303153
1702358395
1702576757
1702778641
1703602213
1704140266
1705448895
1705953109
1706266626
1707613732
1708215281
1708462815
1708817953
1709363055
1710394215
1710537777
1711109670
1711128238
1711334923
1711454778
1711853309
1711997331
1712431888
1713920755
1715152560
1715410384
1716004807
1716959754
1717816004
1717852807
1717857463
1718362411
1720004142
1720136758
1720483757
1722909512
1723391017
1723499913
1724360080
1725048752
1725494978
1726635047
1727203846
1728043080
1728220902
1728657568
1729050627
1731617839
1733389991
1733479562
1733725149
1733833401
1735767878
1735928400
1736983100
1737743697
1738166894
1738218101
1738680502
1738869576
1739388501
1740149212
1741513427
1742437861
1742777688
1743156284
1743492318
1743617683
1743971103
1744007992
1744417270
1745455040
1745697353
1745975770
1746061154
1747293299
1747933600
1748431919
1749777164
1751213949
1751281969
1751502693
1751506487
1751522763
1751728866
1751794152
1752551525
1753520988
1753703932
1753745514
1754080659
1754786990
1756028599
1756886221
1758644753
1760136182
1760435149
1760692651
1762360435
1762424776
1763078907
1763962214
1764672856
1764692188
1764808377
1764823515
1765176838
1765239312
1766089879
1766244990
1767001568
1767903226
1768033771
1768555881
1768581074
1769339764
1769406059
1769526516
1773212188
1773841419
1774119615
1775082287
1775314922
1777726272
1777977139
1778515560
1778522063
1778615361
1778678531
1779190204
1779286628
1779300853
1779585540
1780831821
1781174374
1781306721
1783340667
1784430750
1784780496
1785603782
1785649283
1785678443
1787475400
1788450729
1789157050
1789349551
1789390444
1789659017
1791294768
1791369769
1793638444
1793675319
1793789864
1793834240
1794489316
1794648035
1794878393
1795451519
1796830230
1798096048
1799929005
1800628148
1800792490
1801291455
1801384470
1801935864
1802069187
1803385555
1803473769
1804729473
1807556930
1808221838
1808813296
1809507565
1809848059
1810388218
1812437278
1813563171
1814710511
1816202468
1817819406
1818283707
1821720539
1821773902
1821966645
1822365314
1822876287
1825477321
1827281333
1828513071
1829500546
1830307989
1830764273
1831235419
1831729287
1831736047
1833360166
1833508812
1835840277
1835892639
1836694551
1836832029
1837735935
1838961812
1839033314
1840134747
1840838283
1841583988
1841941915
1842583360
1843729751
1844197168
1844260145
1844894831
1844919145
1851711620
1853940461
1857152834
1859620270
1860103990
1860925525
1861055921
1861123812
1861765238
1863727927
1864913930
1865185040
1867760391
1867848243
1869715667
1870131862
1870335441
1871181949
1872192507
1873141251
1874253165
1875162371
1876130629
1878569156
1878935779
1880072752
1880299176
1881443777
1882733644
1883845379
1884830525
1885645876
1886077108
1886314451
1887246401
1888632167
1888990960
1889919636
1890769169
1891850970
1891958828
1892936843
1893097461
1893440445
1895275298
1896770695
1896943419
1897516070
1898361043
1898451139
1899198794
1899823498
1900486924
1902092697
1904332704
1906501470
1906711230
1908878278
1909107748
1909132013
1909180983
1909288636
1911215684
1911310542
1912689789
1914077085
1914677060
1915812111
1916287950
1916436089
1917187092
1918086370
1920426192
1920598957
1921248336
1921683370
1923086406
1923691029
1923810699
1924474297
1924618770
1924998379
1925052322
1925097598
1925446666
1925884589
1926153274
1926517199
1929931161
1930578772
1930668827
1931199466
1931468847
1932942195
1933078337
1933374555
1933621931
1934130957
1934429059
1935094917
1935148415
1936060320
1937646317
1938568539
1938623457
1939517352
1940618452
1940726718
1940941357
1941615638
1945167560
1945279253
1945444902
1945550930
1946265645
1946851396
1947449974
1947733002
1947960895
1948665766
1951355842
1951979442
1952301059
1952341295
1953062570
1954739170
1955110127
1955626170
1955644198
1955792023
1955799904
1959073324
1959483161
1959685238
1960859790
1961978799
1962274438
1965740197
1965849914
1967979491
1968009472
1968390886
1969241007
1969594807
1969856792
1971505271
1971739642
1972093467
1972254101
1972601031
1972746863
1974019064
1975677607
1976025073
1976210516
1976708512
1978236312
1978465177
1980042770
1981780107
1982216386
1983028854
1983381116
1983655685
1984190379
1984220385
1984968545
1984971191
1985632598
1985835365
1986139466
1986155187
1988413012
1988609384
1990382031
1991178873
1992237376
1992629736
1994045306
1994291628
1994476501
1995536592
1996139751
1996141483
1998187283
1999178499
1999442556
2003023701
2003937559
2004499910
2005079827
2006396735
2006449772
2007849163
2009268238
2010325230
2010905823
2011164968
2011824448
2012338102
2012345044
2012915070
2013123151
2013193061
2013442094
2013870665
2014296569
2014864829
2015140056
2015175094
2015375235
2016499911
2016847453
2020765443
2021418833
2021784343
2022078878
2024655459
2025344251
2025439829
2026043035
2026288720
2027829518
2028129804
2029734380
2031363195
2033229237
2033784048
2033901295
2034240210
2034409053
2035147386
2035732166
2035742293
2038395583
2040690549
2041028377
2041182319
2041391265
2041597134
2041700061
2042367909
2043439604
2043507064
2044491995
2046714043
2047530756
2048107687
2048606142
2049509469
2049511605
2049934313
2051323159
2052881359
2053651814
2053829732
2055488922
2056249505
2056625337
2057445804
2058083383
2059003207
2059111462
2059897879
2060043809
2063516094
2065175762
2065305500
2066652001
2068566083
2069093962
2069345491
2069623091
2070342181
2073097628
2073926724
2074010546
2078157013
2079294410
2079429490
2079744662
2081861400
2084724548
2085254612
2085725469
2085959787
2086558155
2086733147
2087117506
2087965183
2089499989
2089667319
2091410428
2093664278
2094131245
2095756150
2096691539
2097743721
2098016001
2098414017
2098830453
2098840804
2101341309
2102425277
2102552463
2102820237
2103057834
2103256579
2105213320
2105758676
2105903156
2106964257
2107439736
2108008959
2108114680
2109185933
2109200009
2109255311
2114625324
2115016024
2115452255
2115770200
2116658485
2116775553
2117534487
2117699590
2118011783
2119004024
2119670351
2120056996
2120089439
2120145958
2120963365
2121660490
2122703955
2123747302
2124552791
2125012982
2125063753
2126060392
2127409788
2127746372
2130291425
2130542426
2131796760
2131998825
2132323266
2133205740
2133309186
2134196268
2134608778
2134671327
2135159995
2135433411
2136236624
2136999925
2139281308
2139521563
2139863975
2140064650
2141348999
2141437089
2141948519
2142733920
2143013591
2143055983
2143628171
2144277233
2144911894
2145268736
2145801402
2146100982
2146813882
5001308410
5002574100
5002909151
5003289927
5005538834
5005714777
5005895095
5007086728
5008652926
5009017192
5009105230
5009473343
5010079321
5011181046
5012403821
5015679502
5017830061
5018016835
5018086990
5018158667
5018191765
5018347066
5018757603
5019499903
5022120496
5022204903
5022252107
5022291982
5022473031
5023060928
5024404488
5025042061
5025916275
5027402719
5027467489
5027714137
5028374439
5029366908
5029997714
5030518345
5030927953
5031226578
5031872839
5032488771
5033058129
5033852294
5034094500
5034532564
5034539936
5035034664
5037323801
5039237480
5040201781
5040256735
5041590035
5041923262
5042698935
5042929691
5044371689
5045013596
5045096322
5046798313
5048246845
5049161338
5049306882
5049667833
5049981761
5050040224
5050638333
5050830988
5050946164
5051793823
5051801994
5052380685
5052951460
5053646681
5054660214
5055944275
5056426878
5056638952
5058545987
5059665266
5059771336
5060999133
5061144222
5061699113
5062115944
5062552858
5062960257
5063756921
5064020342
5064848539
5065102123
5065122304
5065602589
5065937672
5066550417
5067030116
5067848442
5068484209
5069008273
5069777109
5070215551
5070805018
5071572513
5071653468
5072544253
5072717888
5073479966
5074119645
5074280448
5075845641
5076688313
5079208852
5079213059
5079506894
5080415166
5080860954
5081143756
5081192789
5081249847
5081417876
5081657074
5081683997
5085615707
5085690600
5085948678
5087010804
5087668788
5087730311
5088150669
5088315044
5090057232
5090404366
5090551891
5091129881
5091967313
5093403876
5094299786
5095250018
5095806220
5095984302
5096592877
5096813912
5097179977
5098592749
5098972063
5099478552
5100668391
5100986946
5101199985
5102390780
5102501484
5103025913
5104294585
5104946697
5105091897
5105774902
5105845402
5106163899
5106237663
5107215358
5107868637
5108237186
5109052982
5109212703
5109962776
5110055003
5110365756
5110804875
5111513204
5112403992
5112459114
5112871008
5113095854
5113404465
5113551253
5115176094
5115645607
5115831885
5116411390
5116583270
5117168601
5118034800
5118516806
5119759704
5119984576
5120127745
5120782715
5121558627
5122168652
5123332328
5123780478
5124213368
5126022177
5126206732
5126983592
5127367972
5128073965
5128649545
5128669676
5130463125
5130573461
5130934262
5132174708
5132279172
5132696421
5133105049
5134077699
5134095966
5136314426
5137025957
5137474979
5137774166
5138401203
5138410793
5139160857
5139214861
5140707488
5142417716
5143165606
5144141443
5144305600
5144931379
5145190435
5146161886
5146682870
5148491206
5150752070
5151778322
5153124675
5153705295
5154969261
5156173930
5156823108
5156854521
5157231451
5157620728
5158781183
5159971448
5160182719
5160814089
5161684326
5163778646
5163797350
5164541929
5164582096
5165431329
5165912933
5166380788
5167210097
5168059609
5168097571
5168344255
5169287874
5170393467
5172348217
5173100070
5174961226
5176336241
5176566375
5178319856
5179473098
5180238632
5180335178
5181025559
5181429036
5181844955
5181985315
5182603421
5184318512
5185184405
5185292536
5185610114
5185767849
5185915430
5188307279
5188847947
5189070059
5189580874
5189783544
5190050248
5190687485
5191501510
5191969940
5192079829
5192341400
5192390135
5193137772
5193901846
5193947084
5194354211
5195077337
5197382837
5197595203
5198497605
5198500169
5199001628
5199055909
5199290484
5199469054
5201383758
5201390732
5201556613
5202323432
5202402086
5203110803
5203170353
5204561540
5205574560
5207354210
5207741150
5208139390
5208319726
5208476726
5209881895
5210102989
5210329386
5210484658
5211190626
5212401532
5212712071
5212758323
5213026205
5214662207
5215804931
5215901071
5217458921
5217733455
5218324189
5218753761
5218954225
5220503677
5220574913
5220954355
5221022778
5221265002
5221589479
5222650119
5223165245
5225501194
5226035026
5226368714
5226963605
5227258842
5227690899
5227696509
5228233884
5228364626
5228412870
5229232629
5229827977
5230207909
5230586935
5231518717
5231829834
5232667602
5232820379
5233367239
5234270453
5236196772
5236649062
5237013039
5237371390
5237486054
5237621715
5237753026
5239029565
5239997905
5240442117
5240454743
5241065856
5241569419
5241920118
5242198183
5242222556
5242290130
5242510280
5242873943
5243087554
5243859203
5244372850
5245055723
5245548559
5245635694
5245643198
5247236976
5247569481
5248860863
5249374697
5250095629
5250326425
5250562634
5251759818
5252219842
5252671987
5253564618
5254020298
5254290146
5254388644
5254503357
5254796708
5254991489
5255554156
5256026753
5259533041
5259679512
5260015920
5260576732
5262628827
5262839307
5263198087
5264347616
5264358355
5264720063
5265233743
5266050502
5267069549
5267624887
5268365674
5269428794
5270134801
5271193079
5271221905
5272652294
5273263941
5274017573
5275246112
5275925099
5276053950
5277596631
5278095492
5278995546
5279025555
5279173914
5280413916
5280823007
5280911406
5281145485
5281183952
5281583465
5281717179
5282267993
5282406193
5283103306
5283217585
5283368744
5283455291
5285392003
5286102630
5286184142
5286380280
5287129759
5287233592
5288879395
5289917324
5291126649
5291386623
5292810356
5293492604
5294083107
5294855296
5295059582
5295195910
5295707809
5296005520
5296545979
5296647185
5296991838
5297259965
5297901632
5298390679
5298488342
5301681228
5301761532
5302393584
5303569362
5304264780
5305139017
5305928811
5307753491
5309539065
5313165685
5313272336
5314186682
5314436570
5314522962
5315333208
5317111775
5317838428
5318339810
5318781745
5319502527
5322019182
5322040633
5323766330
5324395542
5325899332
5328866915
5331784325
5332281133
5332683841
5333272814
5336354502
5336769518
5339525755
5341672291
5342178955
5342372953
5343065443
5345154591
5345205028
5346039364
5346699158
5347251984
5347696509
5348838446
5349354158
5350742461
5353675829
5354391787
5357442843
5357841538
5359290189
5360442112
5362013394
5363928685
5364063849
5364608405
5364697323
5365552917
5368607606
5369279633
5370490460
5370729045
5372248257
5374424346
5376835172
5378128101
5378131716
5378748145
5379181430
5379811245
5380525534
5381630022
5382995971
5385169105
5385467272
5386414967
5387059564
5387167695
5387839568
5388949940
5389929585
5391410661
5391893022
5392993068
5393934974
5394599087
5394637092
5395342024
5395821219
5396028013
5396299079
5397446765
5397569755
5397690240
5398571318
5399195046
5399439928
5400143315
5401053545
5401102878
5402404895
5402669336
5403357292
5404058200
5405610730
5406720770
5407870373
5407917188
5408403589
5408789211
5415842211
5417451594
5419237456
5420117851
5421259009
5421488627
5421695606
5421848237
5423807186
5424430030
5427154458
5428379749
5429742046
5431394538
5431439127
5431757829
5432331885
5434208096
5434309300
5434489456
5434854377
5435157764
5438368549
5438423536
5438545138
5439444223
5440502680
5440534895
5442500358
5444700813
5445631503
5446693524
5447594230
5448537611
5448879288
5449186278
5449259973
5449774030
5450362896
5451604168
5452796020
5453100108
5453355638
5454663507
5454897832
5455247630
5456087582
5457444085
5459091577
5460286981
5460591335
5460942407
5462599760
5463735055
5464004452
5465714351
5466821530
5467822723
5468841627
5469958143
5471345427
5471471622
5471781478
5471948227
5473653460
5474039848
5474201180
5474942960
5475379313
5476687462
5477697458
5478251260
5480789319
5481950949
5482484821
5484308217
5485459734
5485698077
5486327252
5487607952
5489153245
5489309709
5489706038
5491046395
5493011676
5494021449
5496005005
5496325189
5499327539
5499629053
5500163549
5500379759
5501152001
5502403698
5503693692
5504624615
5505515945
5505677589
5505717307
5505796067
5506142552
5508737336
5509632189
5509685908
5510110673
5510374264
5510951870
5511004617
5511187809
5515892398
5517128710
5518602302
5519240442
5521649453
5521718270
5521720733
5521834014
5523213287
5523471034
5525920551
5526593799
5527829219
5527955366
5528859367
5530774106
5531450112
5532487545
5533840156
5534161362
5535315071
5535430092
5535462577
5535467373
5538311921
5538974755
5539134897
5541323293
5542808801
5542969079
5543614824
5545077542
5546418152
5547758596
5547775287
5549216190
5550085301
5550108447
5551914710
5553633442
5553716134
5555247368
5556003234
5556023730
5556499075
5556590383
5557062425
5557331955
5558495977
5559667674
5559987921
5560531178
5560634873
5562474767
5562699330
5563771940
5566807463
5567762358
5567964001
5568567751
5568777793
5568845532
5569562604
5570652727
5571158505
5572270115
5572563979
5573394106
5574158473
5575884836
5576149336
5576153725
5576155724
5576824485
5577560189
5577683266
5579121859
5579874806
5580184666
5584004872
5588406192
5589195332
5589311349
5590029239
5590574044
5591519327
5591568115
5592441985
5593227230
5593570616
5594743893
5597145741
5598519366
5600018430
5600128085
5600331720
5602001841
5602153854
5602650418
5602790994
5604416210
5604451865
5604452139
5606293242
5606625055
5607692389
5608208485
5610135196
5612774886
5613579687
5613882751
5614358423
5615048645
5615676833
5616319651
5616660571
5617375505
5618266398
5620337465
5623129488
5623684766
5625918987
5626414243
5627637761
5628096577
5629640430
5630384136
5630572790
5630630140
5631107249
5631842008
5632117743
5632732086
5633273145
5633438887
5633591043
5633929643
5635403450
5636244336
5636501403
5636522043
5637758860
5637962735
5638235945
5638782234
5642787890
5643370902
5644446937
5645599654
5645660868
5645904322
5648537152
5648712073
5649739140
5650055447
5650092535
5653657424
5653814987
5654377928
5654747607
5655066466
5655192547
5655506104
5655908444
5656226089
5657858193
5662580070
5662585651
5663402445
5663534381
5663735924
5664450928
5665440776
5665680918
5666015100
5666039680
5666648848
5668203444
5668951631
5669391186
5670054714
5670846467
5671611002
5672076386
5672474220
5672719473
5676634097
5676710047
5677428433
5677625496
5677629311
5678627808
5683253219
5684436895
5684527540
5684710637
5685321668
5685502429
5688315678
5688584717
5689730058
5691971708
5692243324
5692919874
5693044804
5693222208
5694084494
5695013837
5696486083
5696536425
5697303780
5697374129
5698437506
5698601654
5699648200
5701279185
5701764650
5701971276
5702868375
5703816075
5703828831
5704689004
5704691071
5705930707
5707469893
5709339476
5709526213
5710713073
5710855499
5711574066
5711776143
5715724286
5715757095
5715903484
5716842361
5717032257
5717040191
5719026177
5720577885
5721241046
5721371234
5723593060
5723707093
5724190943
5724447706
5724450519
5725151755
5726562314
5727395153
5731313480
5732454608
5733058581
5733529313
5733960645
5734425122
5734546652
5738759253
5739632189
5739902462
5740431914
5740873534
5741881523
5742088744
5742574775
5743545726
5743988159
5745574066
5746525508
5746586281
5747103727
5747496964
5748042533
5748218346
5748395064
5748909618
5750440162
5750487415
5751210494
5751558394
5751664468
5756856435
5757090045
5757091138
5757690576
5758920905
5759282713
5759504738
5760599874
5760957154
5761038736
5762069165
5762786505
5762848841
5765151022
5765583252
5765730359
5766132731
5767647138
5768163852
5768500304
5770258886
5770557067
5770796470
5771601003
5771906620
5772245020
5772622929
5773099836
5773145095
5773392796
5774022740
5775326439
5775406513
5775848595
5776335399
5777890475
5781451855
5782427345
5785084590
5785355291
5785637250
5786568399
5787006426
5787445010
5789270330
5789974657
5790809113
5792539365
5793172207
5793198044
5793877295
5794188796
5795784671
5796592245
5796965353
5797676459
5798651701
5801200906
5801997017
5802683492
5802947889
5805666504
5805752160
5810377304
5810489631
5812286069
5812652197
5813583741
5814270593
5815056909
5815506433
5815889890
5817728063
5818633320
5818663788
5818771992
5820814344
5822294268
5823575325
5824059536
5825070541
5827565148
5827741937
5829100875
5829323160
5829557195
5830103726
5831986005
5832061518
5833292979
5833295862
5834236478
5834258477
5834450514
5835364197
5835896584
5836412684
5836561235
5837232552
5837551304
5839823273
5839846464
5840276517
5841689860
5841909560
5842614374
5842816587
5842895796
5843111008
5843347978
5843771879
5848559224
5849300839
5849870806
5849976190
5850194295
5853943923
5854517003
5855233772
5855269645
5856399528
5857123737
5858668801
5859496667
5860387632
5862684108
5864591435
5865764719
5866171783
5866649788
5866987379
5867808508
5868913880
5869920723
5870008922
5870501080
5872853219
5873579823
5875626021
5875738765
5876848135
5877261908
5877467374
5878380801
5880412061
5880855886
5882923346
5883229397
5883387538
5885700897
5886010741
5886312479
5886596167
5887867696
5889202275
5890699020
5891418571
5891427137
5891497971
5892000843
5892784209
5893162572
5895062500
5895355131
5896566069
5899752855
5900437304
5902469678
5903052150
5903681628
5906333497
5908900774
5909257330
5909485225
5911783884
5913102487
5913485310
5915427910
5915912503
5915933669
5916000069
5918930727
5919612925
5920419348
5921843448
5925653119
5926703331
5927273496
5927356625
5927783963
5928525314
5931554345
5934304995
5934972392
5935953375
5936078778
5936117833
5936215738
5936851016
5938358109
5939806213
5940937490
5941157117
5942481880
5942602870
5943060964
5943317037
5944076705
5944679757
5947569787
5948945442
5949600981
5949652536
5950653130
5950782701
5951020537
5953487368
5953537221
5953675417
5955072297
5955576082
5956231579
5956859400
5959645518
5959777401
5959881692
5961411330
5963716463
5964031540
5964971240
5965571369
5966759085
5967381769
5969137292
5969607007
5971495596
5971635938
5972630042
5972631780
5973254076
5973509163
5976269891
5977199553
5977960952
5978209096
5981061989
5981774417
5983236395
5983861092
5984395369
5985921409
5987814865
5989171076
5990384808
5992410987
5993199668
5993494068
5993620806
5993983947
5994575607
5994655608
5995501908
5996221772
5997351699
5997627999
5998010239
5999379409
6002075867
6002396555
6002902816
6003074205
6004716381
6006479963
6006832012
6007968153
6008372388
6009461603
6010694887
6010737716
6012834857
6014053135
6014859308
6015299153
6015798117
6016202262
6016855057
6017093652
6017291548
6017711001
6019186362
6019540414
6021740790
6023481126
6023895498
6025967160
6026320460
6027175321
6029583943
6037026604
6037427136
6037599266
6038097327
6038464552
6038624354
6039129221
6040484409
6041156977
6042506205
6043487273
6049444761
6050772028
6052471070
6052934616
6054592980
6054724310
6054890101
6057003469
6057051930
6059937992
6060522393
6060541505
6061552343
6061702555
6064571893
6069187128
6069352845
6070421352
6071378215
6071937835
6073772838
6074520977
6074678661
6075283002
6075416171
6075458249
6076319168
6077584065
6077773289
6078140680
6078775613
6080143981
6081571034
6082640482
6082985589
6085238455
6087235786
6087315967
6087654357
6088045810
6088421573
6088777726
6089239732
6089885118
6091529817
6091974580
6092032761
6092751381
6093347733
6093770532
6096048765
6097657429
6098028322
6098295876
6099417837
6099554875
6099830394
6102065319
6102095069
6103358114
6103616767
6104288581
6105686757
6106550054
6111979769
6112012366
6112466868
6113016256
6114019577
6115587641
6116078615
6117851129
6119060168
6119194189
6121697635
6122257833
6123213206
6123364994
6124191114
6125187456
6125921687
6127989260
6129499805
6129787339
6130024212
6130151994
6130243094
6131268949
6132711173
6133573969
6134219856
6137400738
6137966820
6138577685
6140496945
6141665901
6141862437
6142603733
6142890542
6142940728
6145566342
6145577010
6148881234
6149188960
6150526884
6150656838
6151470281
6151607934
6153322582
6155517736
6156017478
6156582669
6157132076
6157435350
6158712941
6158720495
6158774443
6159635756
6159947961
6160477424
6163073637
6164684902
6165082126
6165350438
6165572174
6165833519
6166077202
6166643513
6166749369
6169365607
6169603317
6169722953
6169784882
6170687499
6172698197
6173700516
6174805309
6179417511
6180754712
6181072528
6182347152
6182350488
6183770029
6183972080
6185464588
6185770476
6186282007
6187481262
6188277063
6188909271
6189802525
6190780741
6192415777
6192931882
6193830174
6194726742
6194765141
6195181805
6196016976
6196427831
6198995555
6201731094
6202803541
6202979136
6203452737
6204012225
6205506997
6205732940
6208837609
6209229798
6209412270
6211432042
6211676029
6213620545
6214048298
6217035462
6217491787
6218467953
6218874228
6219427895
6220550486
6220770467
6221232273
6222049054
6222234694
6222444765
6222582580
6224680457
6225299724
6226190014
6226389418
6227119128
6230704748
6231066991
6234061139
6236121589
6236811233
6236812475
6237399835
6237553733
6238014359
6238267694
6239298762
6240070995
6242087383
6242303138
6242383915
6247430185
6248127605
6248701075
6249692333
6250467450
6250539492
6253282045
6254095676
6254251289
6254429126
6255759972
6256024584
6258154564
6258495630
6258601954
6258919405
6260336231
6261199824
6262673129
6263295114
6264928463
6265471005
6267200939
6268302742
6269149727
6269757310
6271980765
6272826107
6273192308
6274732388
6274745102
6276660620
6276693696
6277034598
6277331935
6277995940
6278437351
6278563794
6278598393
6281388179
6283217323
6284156067
6286757313
6286837006
6287632425
6288412632
6288460149
6290043818
6291110412
6291702984
6292367747
6292565469
6293025033
6295104612
6296965664
6299430059
6300821902
6300904712
6302494718
6303258285
6303569715
6303760032
6305527114
6305856507
6306659414
6308075101
6308283976
6308383091
6309463902
6309772682
6311050889
6311053544
6313648910
6314782629
6316208761
6317187131
6318473858
6319067995
6319335218
6320007729
6321986530
6322158839
6322250711
6323565113
6324507216
6326115475
6328238908
6329217470
6329460393
6329957857
6330816548
6332184923
6332755449
6332775557
6334196260
6334199034
6334641093
6335973295
6337520250
6338149312
6338276580
6338402396
6341841203
6342174183
6344713131
6345202762
6345252830
6346536922
6347279766
6348130132
6348159921
6348836080
6349252841
6350043991
6350112380
6351012810
6351313850
6352072152
6352607638
6355197044
6356156451
6356702047
6357910984
6359030162
6359718049
6360716045
6366109851
6368125211
6368915872
6369394053
6369678845
6369935011
6371136244
6373950299
6376779545
6377189753
6378401628
6378597512
6378824361
6379492598
6379650365
6379814080
6381966409
6382746696
6385041391
6385121159
6385925156
6387292991
6388593046
6389838594
6390949803
6391037768
6392189272
6393576878
6394693117
6396304977
6397450394
6397487524
6400547924
6403906616
6405314375
6406343512
6406604112
6407129221
6407151516
6407681985
6408326450
6408651059
6409673925
6409990946
6410550752
6410764711
6410932655
6411755026
6411988926
6413187607
6413498235
6414758089
6415354219
6418054362
6418826054
6420607157
6422516447
6423482363
6424711681
6426084451
6427201465
6428782021
6428968073
6429023285
6429998298
6430231244
6430438399
6432401472
6434973169
6436149268
6436726226
6437359043
6437364239
6440566222
6440940707
6441320619
6441748458
6441849365
6442248247
6442381189
6442524346
6442925283
6443472446
6444054458
6446235543
6446620672
6448678826
6449149201
6449210932
6449544987
6449964798
6451711006
6452611456
6453978471
6454018275
6454512301
6455022696
6455371134
6455882332
6459785105
6460360600
6460442645
6460535400
6460605650
6460625394
6460629698
6460892139
6461016476
6462014251
6462303723
6463197996
6463342040
6466294367
6466481548
6466824511
6467135292
6467395763
6467912226
6469945800
6471841233
6473343827
6473839983
6474692663
6474823683
6474990745
6475053606
6475310500
6477819025
6478857399
6480376203
6482731384
6483038328
6483228434
6483689958
6483692229
6484888291
6485777284
6486089575
6486191829
6486510344
6488637182
6489925326
6489962503
6492791951
6494522495
6495863516
6495969591
6496497814
6496667021
6496793121
6496998057
6498024925
6498049349
6498159647
6498276547
6500092994
6502905838
6503219490
6503447746
6504249256
6505175077
6506672392
6506741033
6507171494
6507361058
6507858929
6511487169
6511580600
6512012943
6512671783
6514400654
6514688650
6517135703
6517617214
6518041869
6518375442
6519296933
6520802902
6522819890
6523569537
6524207944
6526218295
6528070139
6528811916
6530510979
6530547112
6531562498
6534156801
6534498448
6536836115
6538491756
6538862773
6539110196
6540956531
6541733238
6542405206
6547722954
6547968709
6547971104
6548920230
6549428934
6551090385
6552139300
6552269603
6552949130
6553221847
6554951571
6555235138
6556255206
6556299259
6556988280
6558143001
6559907714
6561886680
6564279006
6564341741
6566512524
6569558086
6569629094
6569771073
6570190298
6570608339
6571060531
6571130788
6572861518
6573893644
6575866207
6576007208
6576279374
6577512909
6578227545
6578434747
6581931110
6582159223
6582545402
6585144012
6585749595
6587026580
6587795281
6589338516
6590929425
6592149880
6593700725
6593909659
6596895896
6597599772
6599227221
6599681393
6599936074
6600539003
6601824981
6603106377
6603638645
6603803028
6604218502
6606150277
6606315716
6606382671
6606509516
6607321897
6607421326
6607599207
6607748684
6609477756
6609817444
6610093615
6611010160
6611801482
6612573714
6612995726
6613093844
6615083321
6616739855
6617243170
6617351141
6619063882
6620089409
6620998017
6621057154
6621310087
6622339990
6622646660
6622766010
6623542553
6623623440
6625298712
6625504897
6625865960
6626639710
6627353622
6627862479
6628915792
6630450638
6630543049
6630792539
6632336156
6633066623
6634855584
6635513527
6636498230
6637410599
6638905253
6638920061
6640552565
6640941182
6641410416
6641668194
6641934342
6643799235
6645526800
6645719303
6646349499
6648110323
6649397065
6650643353
6652000346
6652942752
6653052325
6654374044
6654830461
6656521347
6656974780
6657057901
6657246146
6657334727
6657350307
6658471946
6661552527
6662476196
6663385812
6663438320
6663854535
6664604757
6665126999
6665642111
6665655361
6667890599
6669661499
6671037041
6671105533
6672813102
6673238569
6673324857
6673812650
6675114496
6675441976
6675587760
6676310906
6677473031
6677500867
6677848301
6678656508
6679117732
6680435975
6682405679
6683856843
6684344977
6685299250
6686020534
6686367976
6686819259
6686825948
6688200579
6688670316
6689373186
6690186292
6690664785
6690900249
6691413332
6692087465
6692211195
6692232867
6692286655
6692703346
6692846820
6693247409
6694887405
6694928554
6695409048
6695949028
6695964725
6696535012
6696844312
6697259617
6697993121
6698053297
6698444602
6698938263
6700258330
6701982962
6702157464
6702434626
6702814301
6703144409
6703216212
6703366530
6703427763
6704378810
6704828059
6704852668
6705721128
6705864321
6707650372
6707834281
6708008480
6708027184
6708823480
6708953599
6710265838
6710852443
6711577093
6711724898
6712927735
6713386143
6713646104
6714135540
6714793539
6718883118
6719512268
6719711700
6721402937
6724044088
6726494299
6727061424
6727230373
6728262063
6728549041
6728561875
6729527584
6730216440
6732366072
6733507344
6733690400
6735164968
6735728832
6736463496
6736862773
6738325734
6738449232
6739330552
6739851793
6740268782
6741157706
6742541331
6742640378
6743738177
6746066928
6746289526
6747279255
6750118609
6750169028
6750191999
6751171029
6751267878
6752036922
6756606147
6757183781
6757304310
6757407635
6757486804
6757590095
6757670474
6757905163
6760765329
6760922005
6762186104
6765742957
6765973477
6766133786
6767827226
6767841250
6768347624
6769557062
6772793909
6773975533
6774050657
6774572522
6775091514
6776032589
6776739935
6777645256
6778601725
6779566365
6780199015
6781578251
6782175300
6782384005
6784368471
6785861696
6786428183
6786937414
6789305529
6789384769
6789624118
6789733070
6790232633
6790306330
6790357522
6790561554
6793876143
6794448327
6796375485
6798177783
6798406737
6798752310
6799109493
6801212179
6802461359
6802746009
6803289633
6803300748
6803527518
6808339744
6811037542
6812077400
6812092727
6812230705
6812613251
6813340219
6817071192
6817187146
6817539215
6819382960
6819493675
6820008541
6822019228
6823823582
6824351069
6824807949
6825985431
6827635085
6828030875
6828605425
6828893308
6829814903
6829941088
6830403335
6831348939
6833250190
6833431124
6834463454
6834864621
6836716699
6836755586
6837903873
6839623756
6839739089
6840214985
6840247034
6840250570
6841567643
6842823694
6843822065
6844065271
6844718135
6844770393
6845596873
6846873169
6847196062
6847690899
6847984574
6848836452
6849002095
6850451546
6850458020
6850780820
6851168251
6851466166
6851589514
6851782301
6852132585
6853654505
6853897174
6854101046
6854889648
6855450292
6858142434
6860197882
6860294927
6860526719
6861926668
6861993474
6862106493
6862901451
6863980689
6864908673
6865042998
6867771419
6868080360
6868173827
6868266631
6870661223
6871444016
6872975988
6873043589
6874020325
6874409361
6875006741
6875344216
6875366329
6875855474
6876780765
6879503393
6880291360
6880584700
6880739302
6880961938
6882062566
6882551366
6883720451
6884034988
6884359992
6884924210
6886420576
6886942429
6888302042
6890503887
6891819066
6892273291
6892807475
6893273582
6893633608
6893950386
6896224765
6896396472
6896816183
6897688859
6899234703
6900297717
6900860042
6901610713
6901934645
6902479789
6902912514
6902938096
6903736572
6903779764
6904321398
6904473694
6905371111
6905989842
6908087083
6908415551
6910460878
6910465667
6912060111
6912614452
6914702259
6914943026
6915738026
6916017655
6916727722
6916966850
6918129281
6918421750
6918834542
6919125581
6919326326
6920646042
6920965868
6921518050
6922276384
6922433353
6923823689
6925407911
6925891151
6926124271
6927428584
6928297577
6928529130
6928556103
6929240025
6930217399
6930253098
6930377617
6930491698
6931225685
6931698950
6932984667
6934626351
6934778802
6934910254
6935515135
6936484567
6936599432
6937521114
6938352546
6938359445
6939235202
6939289982
6939785647
6940081535
6940201512
6940599252
6941120330
6942216458
6942467548
6942490766
6942620892
6943375690
6943844124
6946192116
6946349040
6948092299
6948143286
6949342974
6951370756
6951518873
6952536961
6955884064
6957404734
6957907847
6959087327
6959542823
6960047655
6960263181
6960918333
6961266259
6962980130
6963082431
6963416871
6963633976
6964247838
6966076441
6967199548
6967520513
6968235832
6968917045
6970046778
6971946792
6972158750
6972348868
6972459649
6972500996
6972708375
6974748814
6974824032
6976863372
6977074246
6977160395
6977635989
6978057877
6978193569
6979778936
6980735785
6981741946
6982004564
6982499269
6987965333
6989859953
6990565262
6991155492
6992064791
6992808829
6996334011
6996518273
6997475494
6997952686
6999249450
7000453228
7001332331
7001379252
7001905649
7002190062
7003097283
7003559288
7004469845
7005596357
7007035396
7007092310
7007123562
7007341916
7008488710
7008815573
7008929507
7009086385
7009558593
7010257417
7011897811
7012717312
7013882746
7014120199
7014364794
7014378534
7015182323
7016213370
7016389731
7017692045
7017852415
7017953937
7019163805
7019550872
7020270816
7021523409
7022142386
7022526218
7023118452
7023816869
7024939321
7025805362
7026052605
7026103254
7027995433
7028035554
7028062054
7028399427
7028651341
7029543146
7030721103
7031142493
7033851515
7035258366
7035616446
7038575530
7038930654
7039848736
7040688910
7041081392
7041437962
7044192216
7044469242
7045106896
7045515763
7046886878
7047279951
7047491820
7047956539
7048145046
7048225172
7049178978
7049381365
7052597145
7053521328
7055039653
7055358195
7057120701
7057253816
7057397174
7057505747
7057769918
7058200851
7058231379
7058519077
7058876636
7060516742
7060556699
7060789338
7060923951
7062046132
7062861949
7063733822
7064909504
7066270141
7066763091
7066838887
7066989916
7067642698
7068115396
7068711303
7069641685
7069770749
7071571431
7072365574
7072803229
7072867398
7073307600
7075250646
7076942690
7078054389
7078133506
7078223615
7078710940
7078910346
7078971875
7079121266
7080679809
7081526343
7082077841
7083044584
7083907404
7085959816
7085968629
7086074644
7086282678
7086883649
7087462044
7087936187
7088363320
7088414593
7088904967
7088992935
7090308214
7090878681
7091811564
7091917723
7092032226
7092474666
7093681383
7093874171
7094297200
7095099719
7095184574
7095542030
7096014541
7096444870
7096775629
7097136241
7098039576
7098430562
7100836391
7100888929
7101193578
7101283655
7102192438
7102733652
7102949330
7104286056
7106446337
7106751094
7108280315
7108463951
7108905314
7110856250
7111126580
7111847526
7112145216
7112882766
7113518363
7115305530
7115776646
7116195736
7116991557
7118047410
7118126683
7118173537
7118190719
7118438245
7119635223
7119833458
7119973636
7120372013
7121133612
7121265868
7122786625
7122964745
7123198783
7123293712
7123337497
7124049421
7124271356
7124769607
7126703918
7126921087
7127383193
7127481884
7127593321
7127827225
7128681686
7128701082
7128914151
7128988622
7130169235
7131064587
7131182798
7131949032
7132448838
7132601328
7133436827
7134441952
7134714954
7136758533
7139279535
7140124197
7140241446
7140409111
7140932760
7142660130
7143006892
7143739847
7143814229
7145262418
7145564351
7146591730
7146715130
7147202614
7147553770
7148108032
7148959538
7149658248
7151145442
7151985005
7152214001
7152852044
7154226947
7155248437
7155473792
7155770492
7156076916
7156854263
7157839399
7158994021
7160079881
7160587880
7161040404
7162503268
7162930873
7164068532
7164641470
7164784534
7164823543
7164840627
7165347468
7165391774
7166193175
7167323303
7167734046
7167785542
7171005581
7171069154
7171935412
7172895479
7174192764
7175816833
7176784799
7177554349
7178802651
7180036415
7180275945
7183463805
7183990410
7185667030
7185740674
7187594710
7188213541
7188743899
7189113117
7190712398
7191283718
7192325707
7192348698
7192905204
7194128606
7194634027
7194853483
7195219065
7195613230
7196561581
7196692874
7197524436
7197637594
7197935872
7198434755
7200784437
7201754634
7201827105
7203880190
7205409289
7207402099
7207536701
7208793118
7208889605
7210052414
7210929588
7211444046
7211683194
7213616807
7215308168
7215980354
7216169306
7216404650
7218456814
7218798612
7221818299
7222235513
7224357538
7225257075
7225512526
7225816530
7226052507
7226229668
7226538860
7227719326
7229338946
7229697462
7229810468
7230448724
7230484793
7231113611
7231366282
7232256157
7232363356
7233936652
7235013268
7235597191
7236661525
7237311669
7237740233
7238255987
7239066475
7239145314
7239977256
7243678829
7244818428
7245972504
7246346769
7248576204
7248908225
7249686931
7250554805
7250668119
7252123432
7253702330
7253794088
7254085514
7254920045
7258081135
7262480731
7262631669
7262952045
7263634626
7263759969
7266188336
7267924322
7270546983
7270792850
7274149865
7274492177
7274852556
7275877205
7276290673
7277211349
7277348623
7279536441
7280099598
7280982256
7281535144
7281930834
7282861691
7284270909
7284488361
7284972331
7286514363
7287164460
7288483781
7290189540
7291347807
7291632737
7292065971
7292758895
7294652693
7295287724
7295595140
7296840155
7297176771
7298322192
7298435578
7298852136
7299472345
7299514663
7299545115
7300838128
7302264577
7306293008
7307028113
7307367956
7307511186
7307839093
7308553931
7309444300
7310567685
7311780786
7313894993
7315790300
7316038553
7316604081
7317616075
7318585533
7319686452
7319693313
7321374684
7322538456
7323273253
7324786635
7325307401
7325325902
7326550909
7328176392
7330446667
7330703882
7331255489
7331602223
7332688321
7332745660
7333060268
7334832394
7335990375
7335993767
7336175376
7336322438
7337730803
7339673939
7340554983
7340882392
7342703342
7343981142
7344471599
7344638486
7346674208
7346873525
7347144787
7347509173
7349321996
7350710775
7350935399
7353912109
7356033105
7361280849
7361337096
7361581442
7361843966
7363052607
7363399644
7364252946
7364403611
7364677572
7366032470
7368147650
7369827747
7371337346
7371356565
7372266463
7372820381
7374029396
7374967769
7375931295
7376570848
7378035437
7378495846
7378925110
7379413193
7381486369
7381820357
7383483929
7383827611
7383992600
7384751290
7387878907
7387887050
7389606517
7390615220
7393158629
7393276204
7393403340
7394733738
7396565450
7397319924
7401041833
7401730221
7403112711
7403274977
7403647587
7404555378
7405075983
7405576880
7406366056
7406806139
7407817680
7410669430
7412140559
7412405546
7414367782
7414879066
7416734503
7416938564
7417097356
7417726105
7417945711
7421045021
7421203260
7421345251
7422217348
7422939638
7424750473
7425139408
7426598203
7428283909
7428319509
7429595878
7429719232
7430723085
7431987715
7433086450
7434443833
7434952176
7435713296
7438302807
7438571971
7439437348
7440352512
7440792262
7440949683
7441098145
7441148810
7441559511
7441585906
7441691065
7441699195
7441760950
7443035278
7443265713
7445633650
7445905316
7446974976
7447258492
7447406943
7447960854
7448185890
7449646697
7450921584
7451117314
7453559900
7456336515
7457045040
7457557017
7457916339
7460626762
7461118949
7461704037
7462175511
7463754706
7463842063
7463864324
7463939083
7464214209
7464846299
7465115215
7465353378
7465507562
7465975581
7466409328
7467017327
7467506641
7469198225
7469627850
7470934575
7473508686
7474166227
7478838904
7479671979
7480505050
7480746511
7481109600
7482301728
7482554427
7484152869
7484618457
7485469961
7490048273
7490358559
7490948709
7491217199
7492108156
7492671325
7493662777
7494560558
7498417914
7500000988
7500744892
7504495573
7506236375
7506605892
7507050712
7508600381
7510284901
7510578575
7511416099
7519005119
7523695427
7525075900
7528113785
7531239051
7532293266
7532828825
7533032173
7533499720
7537067694
7537423363
7538734095
7541006610
7541665033
7542673818
7542993975
7543423109
7546080694
7547243376
7558030504
7563805328
7568689440
7587282251
7632620617
7651935069
7653236398
7702222035
7721771952
7763539024
7765070510
7792409698
7806981869
7838137807
7847482536
7900458085
7913884639
7914950846
7949919569
7962200945
7999245564
8049927528
8091857172
8098135727
8108512475
8120769346
8172584099
8199046724
